500
100
802 94
540 1
842 108
22 12
2 70
455 1
233 49
371 14
148 20
348 19
902 34
815 26
807 107
801 61
671 107
866 98
75 31
950 41
240 96
655 93
267 86
93 124
634 89
614 8
358 86
776 9
620 67
409 28
275 62
338 71
395 79
418 95
961 117
737 52
689 118
144 80
203 112
453 87
52 43
321 34
378 74
19 99
742 30
127 17
693 66
314 87
371 106
908 81
449 20
234 114
739 3
443 67
966 122
130 119
664 75
777 18
898 22
742 117
926 95
8 118
387 71
57 8
403 89
440 78
960 49
691 74
403 110
640 118
731 121
736 121
922 114
138 47
362 4
163 38
450 45
257 87
842 63
594 96
629 33
798 88
58 90
286 85
324 27
179 31
749 16
151 46
129 38
842 116
519 4
130 93
525 113
804 116
51 124
313 54
782 110
618 66
301 6
651 101
884 56
381 8
447 31
303 52
170 121
769 63
499 23
656 125
636 61
92 38
560 29
68 68
513 60
883 40
292 10
140 51
66 20
808 12
402 87
438 71
957 82
611 80
456 16
181 91
428 22
480 112
675 47
679 39
584 62
703 125
798 69
402 113
713 84
374 91
670 39
388 103
370 123
784 75
615 89
268 43
235 122
381 34
646 60
447 81
973 1
807 20
694 84
985 8
769 108
223 64
521 88
416 117
312 75
419 29
163 61
673 125
784 53
658 31
464 82
361 38
957 43
910 3
728 19
760 121
251 85
286 124
297 54
717 108
253 10
886 17
820 58
868 81
963 26
736 51
334 74
214 17
968 123
644 70
16 29
190 118
90 78
93 11
881 60
345 110
944 83
603 116
492 96
71 79
348 33
232 56
606 70
674 73
919 68
619 36
73 36
255 37
988 98
547 118
509 118
704 77
825 56
567 67
776 114
122 100
147 103
507 104
149 56
677 67
498 45
704 70
807 84
83 44
306 106
13 64
223 91
617 25
22 36
716 24
876 64
624 22
542 5
126 65
310 29
109 34
800 62
80 107
770 37
400 52
494 15
592 92
480 84
116 103
96 58
2 96
371 102
993 37
458 95
954 120
975 39
630 24
225 85
380 97
223 7
773 92
896 115
785 102
925 25
580 20
82 58
990 54
261 84
68 93
155 21
189 4
434 69
255 10
880 9
356 102
117 106
170 114
197 79
443 121
853 124
492 36
306 83
90 43
519 32
635 48
529 51
154 64
994 33
323 123
393 31
326 112
863 121
225 59
449 19
531 29
392 124
939 49
206 5
966 99
536 78
749 41
128 27
729 98
309 29
345 53
786 45
914 23
517 116
58 91
509 88
619 3
961 34
301 18
289 17
242 51
219 92
592 73
243 47
170 28
75 116
307 110
887 96
859 29
63 41
721 71
855 66
823 65
599 101
333 114
742 51
415 62
267 108
361 111
29 30
115 81
395 46
667 31
993 26
36 55
793 6
978 23
446 50
814 22
627 123
635 118
423 26
31 41
758 16
253 14
272 117
594 41
140 10
299 7
137 84
187 55
442 16
577 12
667 15
283 44
888 43
13 37
670 44
55 53
786 57
566 58
674 34
75 40
770 100
296 32
59 84
836 125
349 14
738 16
505 21
309 119
290 71
758 84
716 62
738 2
118 53
911 18
813 110
307 60
62 103
841 120
788 28
971 114
791 60
856 45
432 16
391 96
188 23
32 29
959 121
757 76
776 42
219 88
3 25
522 64
479 89
535 119
741 107
107 31
917 87
178 98
477 68
421 39
715 54
919 25
924 50
100 74
693 45
639 48
547 12
111 2
226 123
995 68
854 78
849 122
766 3
822 117
297 94
258 11
397 28
387 47
555 88
723 122
508 111
294 31
224 7
782 74
754 27
119 84
581 92
81 97
344 27
940 117
847 49
2 118
77 115
266 6
577 113
229 84
700 23
841 49
631 123
724 9
751 92
342 81
160 24
677 105
27 94
846 123
517 74
467 93
938 108
575 15
72 54
950 124
678 41
47 58
765 122
43 15
964 111
197 100
510 124
330 13
842 50
761 85
726 79
303 38
663 104
529 110
32 81
858 61
973 6
368 112
377 12
603 67
498 49
167 109
24 98
246 92
374 6
927 99
585 81
114 99
809 119
333 68
824 42
253 23
797 98
236 26
734 88
569 106
637 110
589 12
934 85
229 58
192 30
406 3
735 121
727 20
865 36
87 40
953 90
188 101
312 48
978 22
613 47
628 101
281 68
612 67
402 90
874 71
994 6
73 80
502 49
975 93
