500
100
355 113
181 33
200 3
153 92
243 74
132 109
514 37
789 68
118 76
48 73
979 7
718 106
674 41
162 7
8 77
841 90
542 21
99 116
501 104
208 95
302 89
954 66
977 117
985 95
442 9
894 22
765 111
229 40
878 16
797 113
319 12
952 110
9 27
601 9
5 35
956 57
850 34
474 53
2 60
272 45
193 17
567 59
479 45
98 107
185 19
946 106
530 124
67 16
650 19
751 30
178 81
313 4
966 36
557 92
595 55
114 14
49 55
447 27
826 21
235 113
790 55
218 46
428 34
561 78
303 62
84 82
369 123
563 85
533 96
653 104
650 16
969 50
445 17
577 123
662 61
985 53
343 54
474 20
837 11
199 116
49 9
323 43
381 10
104 15
355 6
95 106
522 63
758 68
181 84
940 93
496 26
645 88
829 95
960 41
208 10
508 6
144 57
25 1
418 3
141 22
884 110
480 7
650 89
74 80
922 116
24 19
641 21
959 72
490 43
839 49
427 96
305 47
528 56
798 70
809 63
69 44
524 25
152 25
488 77
707 11
942 105
529 60
750 112
108 92
756 71
640 58
291 46
456 68
329 3
115 114
542 58
532 43
82 35
942 69
611 23
329 30
730 84
191 104
696 48
422 76
243 39
985 33
709 66
703 14
45 67
877 64
999 33
356 57
794 24
352 30
649 32
309 3
240 124
208 60
796 5
738 15
43 74
922 103
514 124
492 36
792 118
849 40
128 56
573 46
204 49
677 102
955 110
229 70
835 39
481 107
418 70
371 62
644 20
914 9
620 7
771 37
477 119
553 104
526 1
876 82
49 53
933 106
889 14
902 99
654 109
57 71
304 30
882 49
424 22
807 43
256 78
454 107
548 109
687 51
484 39
507 9
466 41
239 82
656 15
430 59
226 88
379 29
617 112
827 40
111 110
435 93
914 115
449 87
598 112
887 81
400 120
317 116
535 55
924 66
47 80
499 22
542 105
152 34
193 80
550 30
314 109
372 80
224 47
41 48
658 29
606 58
23 47
275 57
828 73
99 101
902 75
849 45
179 125
953 98
681 105
378 120
190 124
574 38
921 91
938 55
596 43
987 118
464 113
526 41
162 102
517 63
926 115
858 81
717 37
178 22
16 55
743 81
656 43
970 53
633 32
209 80
801 71
197 14
160 75
907 72
51 25
736 101
139 93
431 82
107 85
604 99
867 73
679 22
366 1
801 100
259 9
930 60
556 103
675 68
552 81
389 79
355 124
281 96
69 63
52 50
23 7
648 116
705 54
762 70
31 39
419 16
274 75
700 80
178 102
897 81
307 12
35 37
112 42
859 55
82 35
706 104
917 81
344 98
384 82
394 16
722 62
406 120
864 83
176 41
184 49
121 92
60 7
855 47
526 88
703 107
623 34
62 16
114 30
863 99
213 108
614 36
771 121
280 9
180 81
674 113
879 22
557 41
5 36
462 30
124 39
136 98
572 72
988 37
953 77
885 17
809 100
802 56
573 82
565 2
889 113
467 119
736 23
409 116
433 120
622 33
386 8
5 59
306 94
346 9
897 82
775 57
784 54
988 106
362 52
107 125
141 73
720 104
595 4
969 5
350 90
287 87
699 19
396 5
987 93
615 111
26 116
292 59
669 29
164 30
182 123
631 50
195 101
903 17
831 98
873 55
164 34
267 113
154 14
867 118
106 83
728 108
573 19
292 117
650 57
623 58
429 106
857 124
956 9
117 13
981 114
317 20
499 60
359 28
948 77
497 30
409 99
888 106
594 54
574 95
985 49
778 16
154 111
741 86
745 107
598 77
845 39
573 70
201 33
347 23
859 93
553 17
418 42
600 12
970 25
606 56
73 110
423 101
721 38
686 67
19 33
245 90
549 68
910 124
100 108
896 61
803 50
929 95
591 5
583 37
405 41
570 102
275 117
703 97
155 115
515 25
375 10
740 48
929 24
671 5
608 43
690 35
70 96
982 12
850 64
924 4
104 95
731 106
188 35
429 69
876 69
571 125
55 60
172 108
310 69
714 42
464 6
679 33
726 35
544 75
223 69
829 54
15 36
761 55
47 64
248 47
484 68
524 38
479 47
872 15
241 86
57 56
341 87
588 66
746 108
640 70
654 70
350 20
82 110
574 3
651 49
402 9
991 27
24 72
323 20
961 40
480 119
970 70
455 34
237 52
392 104
224 22
48 73
416 107
35 92
961 60
515 112
170 107
990 68
678 63
440 14
227 44
359 49
91 64
457 54
717 75
