500
100
678 66
724 63
118 89
541 56
205 123
739 45
575 48
920 63
348 106
942 50
487 99
275 64
740 19
399 125
333 59
3 112
226 101
276 93
916 66
250 98
40 114
17 114
638 38
301 110
245 94
887 106
942 36
396 33
781 44
532 90
227 11
826 54
964 78
146 4
620 20
703 34
735 71
272 123
710 49
709 79
517 95
684 60
108 79
843 13
224 101
705 52
612 7
605 75
335 125
805 79
497 110
965 106
930 88
603 117
512 39
945 5
258 106
542 115
59 9
605 10
461 36
436 72
542 41
998 103
142 53
534 13
14 100
221 68
437 73
934 50
486 106
32 96
211 73
812 121
308 41
255 18
428 43
192 95
435 64
549 76
343 59
566 106
283 36
651 72
960 84
371 48
166 27
893 1
974 79
349 31
472 103
401 24
645 92
220 56
780 121
7 123
554 49
830 64
709 105
260 43
416 107
465 81
384 84
309 84
765 32
342 111
611 117
134 6
333 81
686 89
826 44
938 106
967 18
271 27
247 30
695 14
864 11
595 122
572 28
307 86
911 23
571 21
389 56
128 73
761 41
537 63
561 76
669 28
593 41
554 67
173 100
205 36
463 26
634 34
405 65
369 65
588 41
188 78
346 65
753 84
480 39
748 41
466 18
920 59
59 75
602 106
777 56
266 114
309 24
624 88
190 117
380 27
282 67
457 104
881 84
789 88
849 37
105 64
656 24
724 89
200 75
296 101
483 38
566 41
811 64
855 103
532 109
129 40
800 62
144 56
145 34
745 95
172 99
659 78
224 7
893 48
59 64
751 41
453 43
683 14
857 37
968 115
771 96
905 70
385 25
602 6
683 96
226 82
546 111
34 19
969 28
192 27
818 44
567 21
961 101
886 44
138 103
261 33
300 40
829 59
564 56
565 98
128 40
804 49
377 64
442 95
467 110
372 11
630 40
906 68
891 41
463 28
643 98
287 45
239 92
978 52
249 19
752 2
35 55
402 36
744 70
756 62
532 2
197 36
768 103
455 33
245 43
37 115
640 50
534 4
142 113
32 15
757 33
118 41
690 121
554 35
66 59
698 97
787 19
109 54
348 64
564 70
833 77
184 74
979 69
54 120
931 86
861 39
220 81
182 11
201 110
45 118
395 117
566 56
988 50
86 62
590 24
631 47
953 41
245 56
234 26
402 17
88 114
555 57
296 88
920 122
822 66
466 91
410 32
748 22
706 84
435 22
834 66
420 13
231 39
68 67
666 71
685 3
787 114
412 82
327 81
930 125
646 21
68 32
427 65
155 109
1000 90
130 61
7 49
323 89
564 118
405 105
563 89
334 99
680 120
783 108
75 87
209 73
107 26
479 10
443 111
720 67
575 76
627 81
749 52
169 40
44 51
246 106
366 79
307 22
676 89
754 125
800 65
174 9
590 5
495 9
990 90
178 41
415 31
496 16
457 16
532 125
293 27
106 11
707 14
407 7
852 13
484 3
827 9
613 18
13 108
152 104
322 79
269 88
484 116
603 66
484 9
792 26
262 124
786 71
12 45
54 90
57 14
570 8
898 57
2 12
289 28
968 87
833 111
50 44
704 4
961 62
138 2
962 1
1 100
71 114
644 102
579 75
365 23
934 114
681 60
228 95
440 70
283 124
782 59
292 110
40 104
23 52
356 110
279 83
436 77
71 79
178 1
130 19
148 40
860 56
349 87
150 15
633 34
764 16
820 32
251 109
11 125
387 93
609 40
425 21
718 97
474 122
848 80
141 97
369 125
527 93
438 28
209 70
164 97
835 108
379 62
193 116
62 79
458 22
595 109
418 63
80 118
559 29
198 51
978 66
402 4
635 66
884 94
260 24
167 72
733 22
235 50
637 23
503 71
22 97
679 41
761 9
33 47
389 82
74 116
148 101
222 9
666 82
329 28
855 98
76 87
744 37
511 108
310 115
178 58
813 84
473 74
967 5
597 82
87 45
73 86
497 44
71 15
750 2
144 81
599 71
542 69
232 29
778 18
768 58
575 80
516 47
505 84
904 78
540 92
123 112
279 96
257 99
837 6
100 82
313 50
902 104
744 111
257 123
378 1
180 55
956 70
703 62
528 106
265 68
299 114
679 77
61 38
926 23
645 2
581 83
427 108
811 22
320 45
394 49
795 74
353 102
268 33
914 23
365 53
215 39
268 120
240 78
532 17
225 52
894 56
134 47
640 46
545 84
67 63
359 112
863 64
315 108
471 103
630 85
757 71
850 24
440 67
352 74
