500
100
191 94
550 28
731 92
919 61
824 36
562 62
47 47
404 35
389 90
878 95
577 108
690 106
344 8
429 84
399 75
766 66
543 43
821 125
259 114
435 59
126 98
598 48
770 1
59 33
466 39
854 19
646 43
624 91
426 53
777 51
854 42
117 123
561 39
372 47
27 33
605 4
506 54
28 2
555 87
136 122
727 115
765 99
532 115
65 59
144 91
485 122
734 78
744 22
241 115
818 119
625 24
122 5
328 25
108 109
588 118
605 64
232 96
389 116
460 55
424 81
645 10
952 106
564 48
729 31
514 46
774 13
671 123
619 123
749 101
583 86
969 62
1 52
259 14
667 71
546 68
26 65
54 102
272 95
24 125
125 38
897 1
27 68
850 21
917 98
371 125
285 66
38 35
243 47
25 11
367 70
703 119
112 109
720 110
78 96
87 77
985 108
804 11
902 28
656 69
250 4
670 11
69 59
522 38
707 47
924 73
468 103
168 56
86 13
18 38
335 104
717 69
438 20
329 90
525 87
510 1
715 31
12 10
589 33
798 46
431 96
720 24
50 13
181 11
127 73
298 86
653 14
131 91
886 61
782 35
147 18
535 88
525 46
348 90
431 122
760 111
569 82
111 118
71 42
753 49
841 51
361 119
416 116
936 28
301 69
62 50
63 74
12 87
846 86
51 26
207 38
137 25
346 99
393 41
890 20
964 83
547 51
576 65
166 113
967 68
283 6
617 95
681 106
283 26
691 60
154 23
847 17
672 67
240 41
959 5
561 24
564 84
949 14
773 91
353 92
284 10
472 2
331 27
232 113
29 25
297 57
172 121
823 70
39 40
611 100
544 23
623 107
981 49
597 106
741 51
197 24
287 20
628 117
523 86
581 51
485 104
85 8
724 9
203 13
673 40
464 68
687 86
26 19
361 122
124 102
274 70
477 60
691 104
528 88
667 85
764 26
689 75
159 14
458 88
878 6
877 91
698 40
427 99
933 14
697 57
240 96
728 69
882 44
524 12
983 65
221 121
693 34
297 101
673 5
915 50
885 18
243 82
57 21
305 91
159 104
749 1
324 79
819 57
247 92
318 104
884 16
327 76
151 123
778 50
729 67
725 113
186 69
547 117
339 78
934 122
556 58
247 106
511 42
788 109
111 82
689 119
347 117
921 123
342 73
672 70
741 123
35 51
66 81
519 29
135 77
253 66
486 101
921 98
268 60
456 105
869 122
75 67
863 120
416 79
692 88
626 57
187 35
357 105
592 125
360 101
678 89
768 39
815 41
863 59
100 69
163 70
815 89
887 29
583 52
585 24
741 62
57 30
221 15
884 39
991 95
889 43
559 32
183 100
49 46
158 23
716 47
820 7
260 81
262 69
7 96
819 100
407 125
379 104
639 114
142 106
560 8
1000 118
391 58
194 64
580 78
938 22
374 7
528 110
814 39
530 48
987 98
272 18
222 25
724 87
615 92
192 49
599 67
644 91
726 87
131 32
540 69
303 15
177 80
602 116
970 6
515 81
479 36
701 52
787 49
264 3
640 57
926 91
350 69
283 75
758 39
731 24
834 10
913 10
566 116
352 36
997 116
843 77
3 43
878 16
318 118
893 60
300 69
252 24
739 34
76 121
947 33
144 7
543 34
142 108
274 95
995 122
63 88
448 42
380 76
558 50
170 75
359 94
620 110
470 86
143 22
558 67
54 54
925 73
462 66
408 87
263 27
709 75
239 8
741 96
185 25
20 105
452 3
175 71
987 19
133 106
540 66
274 71
744 74
893 57
616 50
643 105
702 78
554 42
563 22
262 122
296 31
453 99
658 3
170 121
271 52
829 38
344 79
108 87
652 125
643 120
652 13
849 103
692 5
644 106
753 8
353 25
538 32
499 48
784 20
895 55
321 75
569 40
529 51
103 32
27 98
151 53
87 102
382 5
106 3
736 85
635 65
609 47
596 107
71 5
126 91
786 49
40 104
815 45
381 19
452 32
366 79
85 54
305 91
934 12
843 21
971 102
460 57
1 32
38 48
138 16
740 48
666 7
628 105
51 8
100 2
415 68
808 101
621 112
668 31
226 11
926 48
339 112
479 66
496 119
466 8
736 80
908 26
336 35
232 114
895 81
592 36
148 24
511 121
511 53
26 88
40 54
635 106
40 114
773 35
982 113
520 92
795 52
469 5
313 75
868 82
30 85
867 30
210 104
650 95
259 27
159 25
330 44
380 120
907 5
256 115
94 25
308 13
553 26
18 116
827 112
72 83
