500
100
548 17
642 72
970 36
194 28
771 2
951 58
341 49
346 21
386 70
397 48
98 10
41 94
125 37
903 25
332 116
428 5
757 46
928 78
183 98
207 78
599 10
362 64
933 59
61 45
378 83
468 101
819 110
69 45
499 96
819 80
313 122
61 46
19 113
850 77
813 57
154 36
918 16
702 100
574 114
519 54
923 88
779 116
550 74
36 48
521 81
229 60
804 40
605 73
629 79
24 66
862 29
852 29
44 30
628 95
18 124
625 66
836 28
681 112
953 68
784 98
274 13
657 54
302 113
251 55
66 1
723 30
155 74
58 50
478 38
871 97
536 120
787 98
249 93
460 76
887 118
673 12
607 56
941 10
293 43
190 86
169 37
990 50
837 47
224 41
84 72
512 96
941 49
46 65
118 5
742 4
99 40
868 58
447 58
317 115
350 108
450 120
121 64
544 82
837 120
974 23
566 111
243 108
136 15
47 105
496 16
960 72
555 77
4 1
634 70
92 86
530 41
205 25
331 124
959 43
220 57
440 35
769 34
642 6
674 41
860 44
181 70
467 87
646 95
439 7
142 31
967 46
423 46
320 4
271 5
921 115
562 87
626 57
745 120
938 20
12 47
291 44
968 7
982 114
227 45
245 95
302 63
390 100
733 61
830 106
691 125
197 104
461 50
285 57
146 97
327 32
371 117
52 88
373 33
303 76
804 24
670 83
461 59
534 46
472 113
901 37
464 74
765 26
623 49
832 18
623 33
276 95
126 77
682 124
711 87
801 15
235 96
324 71
881 107
241 102
219 118
513 34
941 4
309 41
30 15
683 27
650 61
348 25
637 6
625 75
717 51
566 77
896 14
999 3
745 91
480 65
83 117
348 125
973 31
290 2
147 75
5 23
635 102
923 123
732 24
322 51
676 12
104 48
775 102
51 121
44 30
537 1
873 111
852 95
243 17
198 15
466 77
537 77
905 61
74 114
62 21
789 112
634 119
660 34
697 62
631 115
591 43
217 65
403 68
12 21
561 84
387 26
763 25
829 42
438 28
7 124
650 22
587 33
390 98
43 86
659 49
825 101
193 41
416 72
109 29
592 21
339 80
47 101
605 102
120 42
129 1
892 28
273 103
61 37
76 80
748 86
128 49
687 47
965 79
619 50
232 62
445 70
892 93
23 98
70 17
241 50
619 7
680 118
961 92
905 13
546 4
474 26
279 12
697 95
965 65
371 48
877 43
469 120
362 93
967 33
336 59
333 80
42 12
197 2
103 78
742 125
808 90
25 64
78 97
33 19
36 29
293 14
571 113
383 57
956 76
715 41
259 47
597 50
410 21
654 114
950 20
863 110
609 115
548 38
961 80
431 98
983 98
612 30
835 96
837 17
47 28
433 32
301 6
957 85
878 110
925 78
4 14
289 89
378 86
1 65
767 33
38 102
505 1
6 66
346 69
833 119
96 117
401 21
997 84
457 102
318 6
406 48
872 69
988 124
881 113
291 22
122 78
100 1
680 106
668 2
651 125
121 122
116 123
494 90
581 53
43 125
683 73
922 31
141 11
155 21
248 70
19 96
124 119
346 30
576 13
531 101
865 3
324 82
227 45
148 57
472 65
408 6
637 56
412 4
941 43
149 40
714 20
260 87
990 82
343 65
322 123
142 61
876 91
517 79
987 17
261 83
206 20
963 93
701 101
971 118
643 97
533 106
991 42
544 105
749 11
896 47
759 37
607 111
854 100
439 90
491 51
649 72
423 89
891 123
689 88
115 82
684 124
39 26
791 83
357 16
820 2
312 55
641 20
915 96
96 81
686 64
108 61
987 30
649 2
4 88
89 96
21 125
469 59
502 111
641 109
853 86
462 16
390 79
137 32
300 108
714 87
171 48
22 9
703 46
385 58
360 75
880 5
301 76
438 53
663 56
13 16
243 99
383 7
280 20
640 79
104 80
267 1
878 38
134 57
310 18
341 44
694 96
400 120
921 88
149 83
268 36
450 10
986 83
493 15
704 110
843 57
189 109
784 43
749 42
349 58
786 65
79 104
910 103
825 57
667 98
116 59
133 66
795 119
750 15
383 55
476 78
611 16
38 19
434 13
662 32
196 72
823 1
925 84
455 102
617 122
74 108
407 59
650 77
29 24
193 13
203 43
692 40
683 105
910 93
867 71
250 39
17 49
391 43
508 96
394 101
967 70
208 123
730 107
926 8
607 118
520 59
137 87
325 47
293 109
639 11
804 115
277 47
664 42
465 23
512 85
998 80
