500
100
457 119
342 24
868 103
361 20
364 87
817 6
240 40
240 1
560 4
359 120
121 10
513 30
471 40
755 40
291 2
150 122
472 93
373 89
547 108
960 12
296 27
120 35
43 109
12 102
112 120
574 107
505 86
761 77
751 117
718 18
595 94
140 66
61 114
404 85
596 114
221 119
492 90
778 34
698 17
488 36
511 61
744 117
498 107
46 100
723 13
993 68
334 109
735 121
347 14
705 44
854 28
537 72
617 42
230 42
808 69
179 68
129 48
685 104
779 105
578 103
844 70
522 52
53 7
923 24
747 104
693 100
256 104
296 100
895 2
891 54
946 69
372 51
343 56
404 121
137 107
974 105
551 120
509 81
751 33
354 122
761 23
448 119
979 95
593 100
324 85
279 121
255 25
46 98
57 52
718 45
783 43
876 60
538 9
640 15
166 119
489 29
743 61
999 96
383 91
946 81
777 99
326 31
225 98
980 31
524 73
825 56
740 75
991 4
436 107
269 78
327 7
583 70
44 81
790 51
523 110
483 49
958 58
682 34
531 36
814 31
710 115
712 52
42 54
430 79
35 50
781 112
806 91
431 77
296 72
979 46
307 87
469 116
621 2
150 3
163 65
909 122
657 97
673 73
25 80
878 36
504 33
124 37
373 31
863 21
478 68
191 11
654 11
751 2
513 2
129 27
567 14
898 98
360 48
272 111
377 24
499 107
158 122
893 8
880 107
255 107
652 70
492 55
455 94
283 69
846 37
345 14
152 95
338 12
517 86
599 120
109 97
828 118
719 73
852 98
179 106
306 57
902 24
487 84
742 121
27 64
884 122
54 36
966 16
547 84
351 20
430 61
594 7
781 62
329 7
261 110
90 66
41 116
714 4
699 57
1000 101
98 8
449 26
270 16
894 43
951 96
665 5
759 8
988 39
569 67
522 56
528 111
746 45
954 61
799 4
969 25
729 43
384 29
921 29
294 64
173 119
761 87
975 19
94 88
409 37
631 33
842 33
245 64
429 73
101 102
202 47
728 32
839 89
811 9
469 81
924 16
52 37
478 26
907 71
340 66
585 95
598 28
479 92
717 33
392 44
486 93
590 66
226 31
381 13
891 99
844 65
489 122
203 91
624 109
889 89
424 98
285 123
250 116
567 68
375 83
839 87
902 30
129 2
560 9
867 76
357 62
617 73
308 69
515 56
927 28
246 78
227 8
75 79
350 16
146 99
950 86
287 78
116 41
682 50
924 48
477 8
609 93
830 18
263 71
550 65
99 46
244 75
30 45
153 4
663 26
454 112
986 115
815 101
507 98
128 33
395 104
415 3
49 96
622 61
291 46
852 116
966 72
418 97
117 47
77 29
572 30
742 35
622 33
362 105
755 91
262 24
797 28
503 95
623 124
507 16
295 86
6 112
157 48
311 125
345 12
403 18
269 20
529 15
52 16
369 34
83 6
307 4
10 37
75 8
285 82
898 56
644 5
895 27
678 80
777 124
591 31
993 109
27 22
100 56
764 71
589 96
803 20
725 62
56 49
444 68
732 68
623 125
300 17
879 79
73 30
702 39
537 69
874 64
567 99
994 80
794 82
176 73
828 25
759 111
50 55
928 32
599 27
508 23
771 11
226 93
392 29
858 31
325 107
844 16
57 64
221 77
122 21
149 74
647 32
536 71
813 88
829 37
717 87
309 112
74 35
681 68
165 16
98 114
622 66
380 30
481 100
583 102
347 83
902 118
341 63
688 29
252 17
565 93
205 123
806 28
759 89
95 49
729 44
412 77
836 18
731 66
742 40
917 65
747 46
432 87
608 97
240 109
988 54
179 44
29 109
821 37
822 18
62 50
811 76
251 22
968 83
314 62
997 83
501 118
753 58
830 110
404 46
570 118
225 123
286 3
732 83
391 30
77 78
455 115
278 57
886 120
742 51
658 113
133 34
833 10
91 14
596 96
434 41
940 10
913 77
614 19
34 5
901 88
809 82
702 86
763 64
682 106
489 90
594 122
498 28
506 65
791 79
137 76
619 76
586 31
652 51
527 37
555 52
499 113
133 52
800 122
490 107
103 104
173 48
952 22
825 59
961 92
262 74
542 5
876 104
763 4
382 39
915 61
715 16
651 74
317 52
445 34
283 47
489 80
946 65
828 20
248 15
88 112
588 107
741 88
812 3
341 68
143 108
481 84
725 6
407 41
932 79
551 67
750 39
373 48
478 76
817 78
340 30
939 30
238 31
742 49
886 60
242 28
394 97
237 118
204 120
