500
100
275 93
565 44
403 69
91 37
733 19
460 81
404 73
661 44
99 13
738 84
326 118
676 99
23 81
800 108
230 115
755 106
685 69
775 64
490 115
725 97
360 37
177 13
734 65
56 82
179 20
290 4
12 67
228 11
648 4
221 104
720 100
84 6
645 108
195 9
74 21
707 58
807 111
547 40
777 79
723 80
99 12
811 87
329 38
200 78
768 45
556 112
746 14
243 15
849 39
876 47
59 59
707 116
169 3
757 47
207 105
252 32
843 62
470 23
451 21
850 70
440 7
56 37
396 25
927 119
438 29
517 99
87 98
66 108
828 72
904 11
301 30
42 121
568 113
18 120
884 95
939 50
976 97
212 121
996 115
966 36
643 85
986 81
409 51
688 111
872 92
621 25
98 14
20 18
229 37
387 112
256 53
786 107
24 99
954 19
190 22
156 82
458 16
265 116
191 77
102 40
895 74
939 118
440 83
10 43
346 123
779 79
425 41
537 73
617 115
819 56
113 76
990 70
819 4
436 9
557 14
775 77
962 88
796 26
670 32
420 118
904 73
321 56
466 107
128 82
698 48
887 38
624 1
732 67
481 19
802 38
759 77
841 96
289 11
473 61
792 18
30 47
442 100
727 9
558 105
340 5
504 79
769 2
806 103
920 37
371 74
676 107
650 16
202 40
503 26
952 21
270 106
692 64
682 44
322 91
625 14
846 3
592 91
607 124
818 26
387 41
951 62
22 100
929 75
242 33
600 45
428 97
878 120
637 59
538 83
150 37
323 97
641 16
664 122
15 107
125 26
22 75
815 43
27 118
617 120
878 68
164 55
141 18
424 27
304 63
87 78
826 34
151 92
27 64
65 41
647 41
441 43
968 5
62 96
350 53
965 102
598 105
883 113
873 57
867 51
971 55
980 47
65 107
615 91
647 31
131 44
572 49
313 16
530 125
236 106
52 52
457 1
31 67
739 5
998 82
782 70
261 113
116 75
594 82
416 93
113 23
886 36
821 73
926 78
572 13
933 101
64 117
976 94
433 66
701 32
22 107
101 9
595 69
959 40
650 101
132 114
975 119
501 23
567 28
850 115
290 32
465 103
875 43
799 57
858 124
440 107
332 41
865 51
109 50
818 110
252 74
576 102
318 76
374 111
854 75
725 120
356 42
848 83
686 21
889 20
144 79
126 77
221 93
105 56
869 47
790 121
870 92
347 39
145 72
774 100
646 101
844 103
744 66
935 54
688 51
675 58
856 28
10 53
495 114
108 113
35 124
835 6
966 33
795 87
604 45
811 101
122 6
954 115
697 115
645 111
767 70
919 122
824 53
49 68
41 8
32 52
757 94
682 74
751 78
535 82
100 72
307 96
702 112
438 125
852 59
486 118
105 29
592 53
331 117
245 98
500 4
149 6
847 57
329 74
10 113
655 109
559 87
329 112
573 118
362 26
552 97
746 31
250 87
584 80
328 55
654 54
160 52
434 6
983 114
955 94
328 109
452 11
922 8
850 97
602 86
622 28
57 117
809 56
55 119
237 110
923 15
913 83
43 97
440 2
460 121
73 38
707 1
25 3
8 124
474 110
436 73
114 117
814 24
149 96
17 10
955 42
626 117
726 20
565 40
749 25
263 71
164 94
696 40
596 56
766 47
17 76
221 5
45 11
404 68
606 45
578 60
63 55
427 38
575 116
953 50
367 90
495 7
535 42
774 107
597 16
903 113
443 100
743 112
861 123
680 91
269 109
26 82
515 54
119 66
146 48
115 115
637 86
98 23
503 121
5 99
761 9
712 79
734 56
42 94
655 73
59 48
681 61
254 48
591 123
988 112
795 103
953 34
63 50
306 42
921 60
16 33
569 79
588 29
884 107
247 15
54 32
812 87
93 66
634 58
790 121
771 61
75 98
719 115
773 2
406 45
38 23
429 83
851 119
611 86
350 107
975 28
514 14
489 83
204 99
992 95
447 13
280 123
837 124
714 86
727 120
5 14
244 36
722 95
154 59
532 3
893 109
257 31
997 121
715 75
571 81
544 17
820 50
890 32
525 103
617 1
74 99
367 68
759 88
764 14
123 45
118 15
153 124
420 24
471 111
700 42
192 95
58 11
770 72
667 21
902 11
897 100
609 13
292 94
702 32
334 74
54 76
839 81
176 110
707 22
96 8
40 14
705 97
649 76
396 43
471 47
655 117
623 13
981 17
333 57
673 41
506 101
468 71
284 18
305 92
641 2
99 55
390 53
777 16
628 24
58 76
172 64
