500
100
70 28
714 28
228 38
948 93
703 68
181 106
978 55
154 62
328 52
262 74
792 56
829 27
882 121
294 75
642 124
320 64
151 33
818 106
47 16
948 124
935 105
332 14
159 110
326 89
287 64
764 78
221 92
331 102
837 101
278 81
975 97
246 102
982 63
207 28
180 7
129 91
986 85
730 122
944 32
687 82
345 75
11 65
42 92
18 3
669 45
60 18
243 55
472 99
720 30
604 24
888 107
717 124
543 71
722 88
852 33
420 48
857 32
112 23
475 106
128 19
775 39
138 119
844 109
593 63
991 48
813 3
631 29
103 48
326 74
10 29
231 31
76 65
563 39
689 37
19 66
180 20
355 68
514 50
278 83
464 18
5 3
146 10
509 123
159 84
424 43
715 29
949 40
445 11
329 9
547 74
949 79
844 30
396 107
556 25
166 121
293 45
999 40
156 109
389 64
44 62
833 8
818 31
548 12
643 103
395 42
278 71
620 121
702 117
829 110
391 119
980 35
163 80
176 45
540 65
335 84
728 43
341 22
300 115
511 45
819 7
836 97
304 57
217 108
525 46
967 17
39 48
654 54
980 79
575 19
745 35
102 98
429 45
721 80
34 106
374 103
488 61
949 18
719 17
500 118
914 91
510 78
116 38
858 95
343 34
965 88
693 67
912 98
213 109
905 121
215 28
450 54
191 125
196 34
267 71
152 55
513 13
484 105
527 91
74 119
125 16
308 44
809 71
994 21
555 23
266 19
527 91
174 92
465 96
626 83
416 4
263 31
141 121
260 42
439 61
887 40
76 47
435 111
117 30
256 46
677 123
791 56
940 89
272 7
685 124
839 77
377 78
84 17
551 94
535 91
381 24
255 58
320 41
43 38
821 25
459 99
522 101
756 87
917 28
218 78
276 56
756 28
861 90
521 36
535 33
751 17
181 107
74 102
397 93
639 69
117 74
770 13
50 25
451 68
904 43
270 32
76 25
536 61
864 56
698 125
463 73
16 120
804 89
846 52
908 110
473 24
285 94
14 84
118 89
651 124
132 22
905 59
297 65
846 12
847 43
262 37
990 27
8 20
718 104
48 125
690 20
649 99
113 14
660 83
477 37
956 85
934 87
518 105
651 90
93 99
257 104
862 121
631 120
742 98
723 40
972 14
309 97
737 24
985 123
356 64
410 38
773 70
874 18
924 1
357 16
724 114
722 86
211 102
455 78
51 29
742 124
292 50
698 5
175 57
480 30
495 14
544 120
583 42
262 108
644 95
225 95
583 71
657 44
649 88
98 51
991 89
425 9
240 122
365 40
155 94
296 2
84 90
621 18
608 109
227 104
203 77
323 36
749 104
931 125
441 28
800 33
218 76
416 82
49 7
223 56
976 19
557 36
710 52
429 44
410 30
272 112
458 94
749 59
924 31
660 114
410 84
146 2
387 38
436 37
45 33
342 122
528 23
782 112
74 85
258 85
217 29
799 26
475 24
584 23
930 118
762 66
54 9
670 42
172 105
578 68
114 45
939 119
169 95
582 95
282 89
429 123
368 79
875 69
478 84
591 32
53 79
449 83
963 118
249 111
574 54
53 63
450 93
681 118
62 12
212 93
453 118
192 47
571 44
365 48
229 80
806 31
659 5
91 98
372 89
810 71
869 89
985 68
556 17
288 117
630 124
312 82
843 105
253 39
273 117
813 103
924 96
134 82
225 76
906 73
266 90
245 10
928 81
452 108
597 91
451 102
590 114
660 34
321 38
549 70
881 89
798 54
684 33
385 10
858 17
207 123
356 54
257 10
384 61
469 83
151 45
911 92
385 70
876 80
482 26
650 113
489 72
166 47
729 28
431 86
544 115
60 2
145 67
238 5
729 82
212 106
626 122
323 10
692 50
67 25
325 91
239 41
162 7
337 117
11 120
179 31
461 113
157 105
906 20
484 111
101 48
217 78
169 39
439 87
440 5
737 116
220 77
281 108
83 95
326 93
89 106
999 26
94 7
857 101
253 67
337 80
739 53
134 33
443 73
471 7
429 59
997 1
886 5
85 70
599 36
765 39
266 115
291 86
621 22
62 101
838 125
282 77
654 41
836 96
340 56
329 18
865 52
120 102
306 80
421 6
615 60
294 107
299 84
943 22
82 106
497 45
105 5
848 110
545 58
205 111
988 33
356 79
209 100
305 117
679 78
122 43
262 18
877 61
351 69
184 35
526 32
704 107
161 51
91 58
585 45
293 49
179 125
128 114
475 34
605 5
861 102
798 123
