500
100
91 95
419 97
304 5
55 53
444 66
550 39
363 81
802 43
53 90
986 24
844 3
237 66
933 65
889 96
720 47
254 37
369 24
110 24
653 39
53 96
82 102
361 69
57 38
861 86
229 73
985 72
950 73
614 109
239 105
556 83
401 59
471 121
832 80
144 109
96 71
931 29
798 41
972 104
805 59
667 33
381 3
457 57
575 70
267 63
924 72
122 52
982 69
797 63
523 43
648 95
488 78
498 12
220 71
843 25
356 9
409 88
511 115
769 62
935 12
249 85
560 97
886 41
665 35
705 39
327 102
861 41
281 108
803 1
531 122
877 11
505 35
974 117
150 94
803 61
833 28
645 119
476 8
637 15
269 91
30 95
693 15
112 98
600 16
825 107
262 76
367 118
986 67
484 112
138 13
922 72
392 43
65 117
152 76
358 45
394 13
366 86
629 103
410 103
743 87
709 107
287 53
474 124
471 83
110 85
947 8
633 89
301 73
557 77
750 40
224 18
654 89
580 32
418 92
862 13
928 47
869 66
701 92
190 24
651 26
483 98
34 93
936 84
165 117
137 16
758 110
761 36
301 67
45 93
33 8
230 62
179 75
878 107
792 44
755 67
69 89
391 102
56 76
787 72
170 49
190 29
635 75
42 60
641 86
5 26
695 86
337 100
36 66
456 54
336 62
620 30
503 113
858 58
40 20
482 61
920 46
840 31
972 6
841 89
318 72
989 12
782 53
236 67
595 44
347 56
605 69
335 107
681 44
17 95
540 123
281 84
520 120
717 116
352 34
806 44
105 45
32 11
472 17
55 66
662 26
348 17
71 34
725 1
578 116
471 117
590 103
928 86
222 19
303 50
552 109
593 8
903 101
245 101
242 49
143 6
52 116
522 99
876 98
225 78
691 47
922 30
149 99
741 97
844 20
646 122
503 90
754 7
565 123
834 33
649 102
413 52
819 36
525 69
884 124
499 74
795 45
205 45
620 47
16 88
692 36
209 69
602 64
303 41
311 11
676 61
112 88
362 32
726 114
328 86
339 76
534 111
245 90
780 114
387 46
326 55
808 11
975 12
199 27
927 111
413 79
172 1
394 10
510 119
123 87
79 87
662 89
947 8
53 101
121 41
873 48
220 33
683 70
794 108
823 72
445 110
26 116
463 44
501 97
889 100
160 69
436 71
282 109
78 61
812 50
477 59
347 48
68 6
594 111
965 42
933 34
3 60
377 90
80 104
788 93
203 49
286 116
471 44
724 48
604 12
449 57
923 22
480 115
527 73
851 93
489 10
252 117
796 105
308 125
208 73
194 35
746 81
400 92
749 101
116 79
362 65
136 34
63 92
626 90
391 78
784 107
314 12
75 109
366 7
335 73
181 5
983 52
710 109
495 60
561 110
513 25
526 125
910 89
318 35
530 84
362 40
940 50
52 14
135 42
747 71
990 53
700 74
206 11
409 75
570 95
661 60
244 39
786 28
127 104
40 8
812 3
672 103
780 75
116 39
492 89
87 83
141 36
156 96
547 64
397 93
885 58
254 3
596 40
633 74
495 24
433 33
776 81
760 55
531 102
821 124
440 32
206 58
44 88
630 67
276 27
410 36
436 15
640 31
54 124
456 25
647 115
557 48
695 66
329 77
894 24
950 61
407 7
618 76
219 99
392 120
625 28
7 37
168 123
794 73
622 124
473 18
488 29
42 35
697 121
111 67
871 38
627 28
919 96
728 13
195 96
984 46
624 115
583 18
987 1
715 108
977 39
228 66
920 19
702 93
639 63
909 10
577 36
139 120
131 116
632 75
688 115
848 61
956 55
805 45
157 122
254 8
410 106
301 56
102 2
648 115
166 57
601 117
444 114
237 51
956 95
603 19
187 75
306 17
879 88
788 12
334 42
872 118
874 47
424 100
525 48
67 43
331 42
784 1
758 122
52 65
592 29
60 5
455 93
623 60
180 36
71 13
804 67
607 52
465 7
652 92
805 93
384 10
736 19
613 95
891 39
910 84
669 71
963 123
38 85
159 92
347 104
729 25
523 63
827 89
69 80
680 123
899 40
360 111
934 97
831 51
987 92
9 30
412 96
129 75
907 37
18 4
867 99
403 14
786 81
80 104
410 111
727 35
526 63
646 84
409 101
986 20
567 119
401 80
316 29
779 97
167 47
475 33
247 105
422 32
810 103
885 72
963 88
583 113
400 103
298 58
55 33
554 121
276 79
951 68
834 81
165 125
229 116
33 100
572 56
506 109
658 118
305 120
