500
100
9 6
795 74
56 27
987 39
548 112
686 24
316 99
1 19
149 27
823 75
118 111
698 26
504 97
577 13
781 102
968 16
835 114
339 15
390 52
280 62
913 90
688 103
938 40
473 64
567 22
888 36
633 62
686 113
636 114
353 18
68 70
260 27
434 98
143 50
274 47
112 38
386 49
118 74
190 90
114 6
589 103
791 73
642 78
60 27
794 37
396 111
84 30
762 119
252 29
43 2
677 6
766 62
656 8
737 96
825 100
953 38
555 96
985 71
923 21
824 91
160 94
928 95
873 41
463 101
944 107
352 120
363 94
34 18
352 20
215 28
972 43
292 26
263 3
73 37
23 21
605 34
114 32
128 111
573 90
813 118
799 16
840 36
984 123
530 62
642 120
214 90
264 5
490 26
132 39
62 7
809 18
40 24
550 43
259 122
109 48
989 32
938 78
419 47
700 74
608 69
45 49
10 58
30 102
185 14
765 98
20 74
616 36
847 40
930 83
286 39
880 1
297 68
454 91
91 5
16 73
198 60
223 83
719 3
59 28
766 50
500 12
748 115
547 72
631 102
404 41
867 10
542 38
804 97
230 19
851 120
944 26
656 41
960 124
418 120
276 35
544 3
671 19
594 93
590 100
46 95
492 37
331 10
426 10
731 31
28 59
252 73
334 33
489 20
281 8
14 34
793 34
36 88
552 4
32 16
205 77
837 72
340 43
81 16
302 39
773 56
97 24
4 55
283 117
74 41
749 64
824 18
347 109
708 24
839 114
391 44
168 103
740 7
395 47
624 71
335 21
728 56
772 106
212 31
222 12
321 73
75 19
567 47
354 24
672 45
13 62
588 55
289 54
38 35
202 37
82 37
409 60
319 32
540 31
938 114
167 8
788 94
754 104
367 107
628 38
651 117
451 90
523 92
620 60
126 72
573 83
358 84
369 51
217 10
558 29
373 77
764 12
670 17
866 36
975 95
73 103
188 23
567 85
614 39
269 92
360 69
651 69
879 19
96 95
278 29
249 3
730 114
514 24
232 106
786 81
927 108
535 114
732 79
823 73
992 69
789 101
989 64
771 117
809 116
961 86
871 61
440 77
924 56
702 7
36 112
65 65
696 99
428 53
52 103
125 20
398 15
97 11
703 117
252 113
85 87
300 80
125 115
907 25
45 85
907 57
447 96
746 17
921 26
569 75
128 45
719 25
661 66
910 90
682 13
577 16
76 2
73 75
616 81
952 12
290 108
443 111
180 64
878 77
714 48
776 91
195 120
717 105
310 103
570 93
490 123
461 42
374 33
469 91
863 45
352 27
629 45
888 58
983 117
259 48
266 12
240 62
881 81
667 42
285 88
236 1
85 71
42 84
228 10
799 67
929 26
946 57
297 83
716 29
301 77
678 43
713 42
730 70
224 21
838 8
335 50
985 44
121 26
229 75
888 5
494 43
530 64
77 53
623 42
808 48
470 110
840 34
401 69
830 101
316 19
835 25
444 69
421 64
196 24
615 83
380 108
603 11
546 54
438 43
822 120
442 42
729 9
177 106
554 7
808 120
25 17
871 93
812 18
383 8
292 123
442 46
457 21
284 105
74 96
874 21
966 66
539 69
949 90
527 2
721 84
723 98
328 71
565 14
588 50
498 4
297 42
902 105
687 37
459 11
257 83
8 97
1000 46
268 50
612 44
801 83
479 1
782 56
821 73
945 33
997 67
639 20
733 17
750 45
428 60
532 59
892 39
258 118
436 25
542 47
670 93
731 23
570 12
954 15
210 125
149 81
43 37
203 3
678 77
899 82
511 55
141 5
320 125
997 5
274 16
801 45
585 32
442 29
395 122
895 81
348 43
162 16
830 91
518 109
667 41
316 29
845 58
635 16
557 109
270 57
874 47
476 83
953 19
611 75
368 5
655 90
547 43
105 103
883 122
587 26
389 27
430 85
61 41
100 117
399 119
150 22
791 125
81 95
245 43
146 112
899 51
327 48
320 33
525 78
757 88
455 20
364 111
730 26
652 56
392 50
550 18
674 67
517 106
138 114
149 34
725 47
84 28
196 5
538 96
309 44
183 14
790 24
999 121
674 25
52 43
52 101
310 77
644 54
182 31
292 57
64 118
81 124
771 26
254 58
996 62
953 31
677 117
781 51
613 56
325 39
575 103
616 10
804 9
415 111
391 58
667 80
425 99
305 47
375 35
206 97
472 33
604 23
252 9
175 91
190 125
231 14
227 96
1000 31
456 16
368 96
823 11
652 123
485 82
