300
300
249 64
867 37
149 71
659 32
773 46
776 11
577 30
205 59
999 57
582 17
568 51
191 17
849 27
695 65
60 27
420 69
243 23
487 25
230 70
849 24
112 21
60 19
756 3
832 48
236 60
35 57
267 65
109 54
381 15
202 47
615 5
305 67
784 38
907 13
905 1
790 1
716 59
399 26
706 21
418 45
7 36
338 2
366 50
847 22
767 6
961 67
991 29
843 47
34 59
950 75
995 65
618 62
53 70
28 5
202 17
972 50
885 57
56 3
906 55
310 23
167 27
202 23
858 11
39 6
139 44
448 67
935 59
143 62
38 36
89 17
637 26
825 31
765 37
36 53
484 15
336 22
283 19
202 67
785 30
501 43
75 27
171 8
434 7
317 34
486 15
969 50
63 56
494 34
887 32
156 21
700 66
772 54
534 14
584 45
735 20
136 8
344 72
726 29
508 14
40 4
40 74
518 63
835 18
819 17
700 70
480 47
503 33
632 23
291 16
95 66
899 44
681 36
285 11
100 55
967 70
930 25
513 12
808 28
414 56
242 9
678 50
341 9
765 43
600 26
440 49
127 51
242 44
609 3
865 34
940 28
789 59
638 74
779 19
367 44
845 48
159 20
582 58
905 73
360 47
475 45
684 44
396 15
663 46
353 40
737 20
215 36
260 12
256 65
147 57
752 71
741 26
118 18
76 63
10 44
747 3
447 34
328 57
356 13
409 74
882 51
833 68
2 32
142 55
651 12
941 4
916 21
172 26
884 13
788 47
707 35
285 68
578 69
961 23
563 9
714 70
286 73
625 43
881 71
395 52
714 24
393 24
461 32
737 64
603 48
158 26
957 12
476 7
406 10
800 46
254 42
484 33
841 2
213 13
902 7
540 68
990 75
80 3
480 9
111 66
879 66
582 29
433 6
103 9
600 65
322 12
868 73
111 22
644 41
991 28
628 37
387 3
167 49
637 24
300 69
93 28
201 26
362 69
201 72
510 5
405 75
227 57
403 64
591 25
816 24
913 44
943 63
404 45
115 5
679 72
192 23
956 31
996 17
836 72
372 10
180 63
811 27
263 61
84 41
531 49
704 38
633 23
993 40
108 42
87 7
650 5
514 26
825 37
46 17
170 67
892 5
9 73
237 69
916 64
937 30
341 2
812 39
68 26
508 30
263 36
793 7
431 52
52 74
943 70
135 46
84 9
806 29
407 16
41 33
664 13
433 12
992 5
348 16
841 54
330 8
534 53
741 63
273 39
983 7
94 2
330 36
441 25
17 7
955 2
182 61
899 31
551 32
421 40
346 45
514 11
989 35
851 65
419 44
364 38
711 23
985 7
409 60
70 35
243 62
890 58
239 17
