300
300
378 41
599 72
375 42
262 9
210 3
664 50
133 71
582 49
382 69
425 39
230 4
582 60
433 34
427 37
465 39
449 11
164 69
151 61
836 50
354 9
280 40
670 74
918 50
990 26
428 72
378 64
1000 30
291 35
773 13
679 16
567 40
677 12
543 33
349 70
384 54
277 48
685 16
259 2
306 18
370 21
793 47
600 19
680 35
441 45
872 42
549 48
444 63
599 53
695 13
374 12
165 23
301 49
920 8
74 14
805 40
998 47
254 62
480 30
71 43
46 29
994 32
922 58
239 26
24 49
755 16
741 64
407 51
296 14
203 21
598 34
410 8
936 10
830 18
844 49
999 5
376 13
704 56
435 60
890 58
587 7
905 55
963 37
937 28
665 61
890 6
771 11
21 69
125 16
844 35
18 59
16 65
578 3
16 32
613 6
978 8
538 44
570 26
902 35
505 59
421 46
169 57
190 14
254 9
754 16
174 45
615 9
438 50
803 73
722 54
994 68
134 37
918 43
773 2
564 72
58 14
839 19
143 31
394 14
444 33
843 6
951 50
592 22
640 16
47 11
154 30
972 73
767 42
418 26
962 22
468 66
610 72
411 31
55 46
106 17
87 3
433 49
798 40
383 1
921 23
912 50
637 57
759 70
486 72
976 2
420 17
855 30
996 41
177 49
766 18
463 49
509 72
140 57
815 15
872 4
411 12
670 19
521 60
320 38
148 11
680 27
359 66
485 36
595 58
332 36
196 47
512 52
953 43
801 3
532 16
589 15
749 61
164 65
32 11
64 51
449 27
119 60
227 29
160 14
219 58
266 42
412 34
537 6
94 15
698 71
356 3
191 22
360 44
281 70
868 70
974 71
765 61
436 28
172 3
876 64
449 74
70 59
124 27
951 13
795 57
418 14
534 6
527 10
474 45
751 26
916 40
377 9
547 58
618 29
862 2
478 68
896 35
450 68
752 38
883 31
692 60
99 67
636 4
704 75
291 6
134 40
409 55
382 70
500 14
658 18
650 22
166 27
691 67
777 68
288 55
243 31
478 17
140 20
813 36
552 39
252 30
768 52
386 47
268 26
62 11
672 4
347 34
569 70
754 14
796 46
349 53
20 34
927 55
263 67
825 13
488 53
699 23
392 73
755 53
986 68
348 53
674 35
855 7
471 5
785 64
191 10
195 33
784 37
359 33
225 24
984 20
368 49
961 17
324 49
814 66
368 25
110 61
808 44
412 68
899 57
723 71
420 63
339 55
878 57
409 15
390 19
657 4
761 32
139 39
331 67
585 64
822 25
910 37
960 29
991 3
830 8
969 20
165 59
595 67
196 49
310 24
666 69
465 56
433 18
130 43
759 51
