300
300
819 2
789 20
594 41
491 26
510 6
539 57
112 32
314 45
555 35
231 43
996 67
597 16
409 2
965 60
635 1
889 8
590 46
799 17
842 25
328 59
474 74
311 18
635 26
291 34
39 63
547 18
647 46
180 62
573 66
815 62
491 16
512 61
854 25
142 62
469 39
787 49
802 13
508 24
244 19
120 48
478 67
783 66
213 72
926 19
49 47
685 5
143 62
485 32
305 7
237 24
160 32
855 45
37 25
870 19
484 42
889 25
369 43
303 13
202 39
138 38
385 23
604 55
286 67
712 4
780 59
642 31
389 22
130 65
319 39
276 70
308 63
944 11
725 24
164 64
519 61
141 6
303 41
734 10
264 74
103 7
278 33
221 69
14 45
712 62
442 14
948 3
501 30
45 63
406 61
848 32
508 53
142 2
70 71
523 27
867 38
960 50
332 69
93 49
302 24
791 43
492 34
881 2
32 60
287 23
233 12
156 57
784 58
856 46
197 71
157 44
771 30
503 68
291 35
158 28
418 11
567 50
273 37
294 70
214 28
911 45
160 31
34 40
644 73
896 72
651 28
298 32
291 5
136 7
911 74
742 68
692 3
747 55
399 26
663 68
138 27
573 27
436 26
524 11
852 61
841 32
172 19
1000 72
734 56
672 27
412 29
508 23
941 65
490 45
935 34
923 31
406 69
255 25
723 74
567 38
992 20
921 55
420 68
14 34
282 23
665 66
64 42
569 59
723 54
29 40
152 7
917 14
183 33
716 51
950 40
232 24
450 2
420 20
383 63
697 47
199 1
28 6
178 57
346 46
308 73
725 41
450 23
577 14
187 53
525 40
988 18
70 8
664 75
728 24
42 64
811 21
66 5
89 22
965 34
686 27
214 39
610 12
853 71
731 27
448 18
50 54
430 75
462 22
561 21
829 7
779 13
463 59
392 41
656 63
888 33
201 57
26 21
668 63
519 58
251 63
11 4
181 47
825 19
338 61
420 45
304 53
513 45
69 11
193 23
939 36
500 16
658 55
134 29
1 68
879 6
240 72
522 1
750 4
493 73
724 27
668 28
188 60
885 23
307 14
953 23
43 73
817 44
467 14
1000 33
969 33
513 64
433 14
149 8
296 40
738 43
681 25
336 13
806 28
415 64
931 64
117 46
134 34
905 16
54 62
872 23
399 75
311 13
790 36
776 45
693 73
650 58
177 25
330 33
46 51
559 40
644 59
305 15
837 35
710 54
347 7
830 28
816 17
452 29
156 59
899 53
937 18
414 45
218 11
194 45
722 55
831 6
741 57
598 23
611 70
477 68
942 6
624 40
584 19
982 73
138 42
959 34
556 63
691 50
948 59
529 51
81 73
