300
300
829 41
974 26
231 51
900 13
515 42
729 14
405 26
488 34
322 31
294 18
369 17
409 29
297 28
509 34
367 27
749 10
474 33
248 51
182 32
495 18
614 17
14 43
266 37
308 8
508 32
469 48
350 70
107 11
665 65
217 46
113 36
931 54
680 9
140 51
63 70
570 64
758 2
66 44
876 73
27 75
266 35
877 1
26 31
885 56
938 25
350 37
74 44
805 8
167 68
929 70
888 39
581 42
695 52
734 35
875 1
575 55
475 24
233 2
465 41
485 1
716 38
937 28
964 14
600 54
323 16
787 38
895 33
598 16
358 14
421 10
432 57
400 25
953 11
795 50
501 44
714 22
605 53
187 46
575 17
130 67
234 70
527 61
202 30
637 74
186 67
490 63
725 47
358 74
379 37
39 36
730 46
387 70
401 55
494 54
733 63
75 67
671 52
173 55
731 58
470 32
494 16
942 52
43 64
951 56
749 16
756 31
252 74
160 32
184 49
233 4
901 41
741 61
605 29
930 31
257 60
526 41
721 63
693 69
638 18
836 7
360 8
362 8
835 69
253 18
591 25
599 30
838 11
776 28
191 67
535 63
477 3
923 11
380 50
836 21
998 5
519 13
971 42
928 20
920 33
316 36
535 6
902 72
953 20
662 32
651 13
759 9
128 60
766 61
593 72
340 58
515 42
492 5
324 34
340 40
430 34
230 55
729 59
833 53
254 43
155 27
27 8
332 58
930 44
283 48
570 32
527 27
942 3
429 42
15 2
542 41
808 41
359 31
98 57
397 72
249 24
930 23
473 59
570 52
660 71
528 64
489 71
882 11
304 24
767 28
140 6
183 43
929 45
362 69
886 46
77 74
704 67
123 16
407 40
932 53
74 19
256 26
317 46
318 9
407 72
506 12
261 25
612 30
217 27
358 59
627 42
794 16
500 36
635 34
763 38
249 20
964 27
69 10
459 47
691 15
936 62
931 11
195 44
443 36
614 67
627 63
491 67
180 65
896 24
589 4
530 26
820 2
285 25
2 45
779 4
70 7
429 19
811 70
89 66
895 50
184 70
350 29
774 45
601 37
142 73
156 36
355 52
101 24
259 34
1 75
538 24
292 71
159 12
293 25
569 18
420 14
130 21
174 58
500 9
218 71
240 46
762 65
216 11
362 69
869 20
807 67
199 9
63 22
360 59
743 69
871 68
638 13
901 40
119 9
200 56
646 55
804 10
670 66
1000 44
825 37
144 4
924 69
812 75
592 3
683 18
930 66
505 43
345 4
551 16
946 74
570 47
971 21
546 16
830 70
658 24
713 75
524 16
456 20
831 52
147 29
358 64
827 11
784 26
130 38
350 29
680 56
