300
300
945 47
902 12
994 5
311 15
797 12
660 46
54 23
466 69
625 43
136 68
916 54
881 54
908 39
856 21
820 52
182 50
884 62
897 12
209 66
901 55
47 56
378 2
601 45
643 44
626 17
672 68
743 7
340 38
824 72
671 8
451 47
562 49
322 50
732 8
465 46
577 13
403 21
887 49
410 45
417 10
381 10
459 43
427 59
804 21
108 13
624 49
666 61
293 58
336 68
65 36
384 11
792 48
175 11
155 67
501 61
269 64
438 4
762 66
476 34
638 71
566 27
35 43
683 12
696 25
258 55
247 34
989 10
355 51
422 54
943 34
294 31
60 66
731 73
438 28
543 60
194 54
904 16
593 5
377 18
167 50
811 58
622 33
154 7
682 29
260 64
727 49
561 35
546 3
824 4
848 69
383 16
31 12
710 14
414 25
440 36
514 53
931 45
835 13
342 66
292 7
110 48
27 36
644 68
980 34
390 43
513 18
663 59
369 7
509 75
94 2
253 68
703 46
94 37
118 27
509 3
247 22
111 36
870 35
667 34
214 70
100 55
656 71
805 60
817 10
738 48
920 67
61 8
31 19
838 26
361 55
452 5
676 23
225 63
192 24
977 17
255 12
127 65
757 69
308 2
899 34
616 7
498 37
65 52
246 31
570 71
55 4
506 6
940 25
991 32
262 33
295 35
13 16
649 6
901 74
229 71
668 38
394 20
602 55
88 36
760 40
488 14
156 38
756 43
268 43
58 41
23 38
28 6
590 37
883 42
655 23
544 41
466 14
812 29
962 59
427 23
17 35
582 69
720 19
613 11
107 8
53 40
181 27
556 65
741 4
913 4
109 36
878 17
595 6
381 42
438 52
304 6
448 41
427 21
959 7
292 44
810 21
38 75
560 24
594 33
896 72
391 34
702 50
886 72
571 17
505 31
748 3
889 24
199 14
936 18
122 64
464 1
257 45
974 31
443 24
852 41
997 23
884 29
538 63
758 3
399 40
141 52
401 66
224 45
171 40
431 45
259 4
285 44
757 47
283 39
274 48
212 9
37 50
97 26
508 48
575 49
152 50
145 73
76 36
733 32
465 11
997 37
426 63
68 74
384 62
957 44
509 23
99 30
549 24
413 2
952 11
697 29
838 19
922 5
690 57
164 10
140 21
871 9
198 64
337 70
668 32
595 53
499 21
214 48
296 41
826 48
607 38
377 5
564 72
463 28
577 4
940 9
619 9
821 22
72 22
959 40
67 4
764 4
190 56
829 26
280 21
142 26
320 62
810 75
730 33
336 23
263 5
484 25
884 37
120 26
199 39
697 52
28 71
215 50
721 31
665 16
689 56
511 42
92 15
521 37
528 29
