300
300
431 36
191 33
743 40
994 75
399 75
532 63
962 14
604 31
559 26
956 61
621 44
574 50
607 37
867 57
279 36
536 7
627 55
489 63
548 38
750 56
123 10
54 39
867 32
425 24
697 60
46 38
443 34
249 22
522 16
280 37
226 8
679 51
117 75
128 58
201 21
722 40
480 59
881 49
66 56
844 55
139 18
468 55
718 53
770 30
415 46
291 21
116 45
798 43
631 34
921 18
830 69
492 25
663 50
380 30
956 48
361 39
778 52
578 63
965 25
135 57
219 56
257 4
572 7
533 45
893 64
801 54
946 16
765 46
768 61
557 62
959 27
732 22
492 75
207 37
25 31
529 34
240 24
363 30
861 22
31 23
997 13
643 1
571 60
657 44
717 70
25 15
749 32
311 30
726 61
605 5
571 1
886 9
446 68
409 55
673 25
78 67
104 21
700 14
315 2
694 28
193 41
577 34
546 12
646 36
579 9
31 48
289 35
768 59
230 36
178 21
871 37
100 4
727 37
465 36
372 64
114 4
328 34
998 14
564 30
961 66
139 71
64 51
426 30
39 73
616 15
51 20
326 44
319 44
689 62
944 16
566 18
202 47
35 27
301 71
472 64
491 15
240 39
402 31
613 23
113 39
949 36
910 32
446 41
476 41
808 66
995 21
936 52
882 37
904 51
15 55
478 61
72 10
218 64
683 73
906 31
463 18
168 15
980 28
856 25
183 2
174 3
130 12
784 22
442 63
274 13
64 4
754 55
536 25
533 42
540 21
636 63
750 36
348 15
273 66
340 41
700 7
671 68
408 40
360 6
816 4
530 42
25 69
550 49
538 31
696 25
543 39
866 39
329 44
240 15
239 39
746 13
810 65
776 27
461 45
523 17
742 7
507 3
514 24
292 32
244 61
85 54
801 38
211 21
706 50
55 7
141 64
275 41
125 47
758 14
8 48
148 32
167 34
591 50
523 49
130 33
701 34
103 61
416 62
533 9
719 48
400 24
146 74
839 21
261 69
595 37
765 40
615 75
201 33
558 24
197 53
607 8
332 64
297 6
169 20
124 62
53 75
645 67
902 44
806 11
53 73
215 61
989 6
636 11
463 44
833 44
239 41
994 24
708 58
143 65
81 7
477 12
678 5
503 11
712 33
447 28
142 28
806 35
68 14
686 33
404 48
585 23
888 67
844 45
596 20
284 22
240 63
433 53
22 46
647 64
47 24
502 20
914 43
424 56
109 41
464 12
346 10
490 52
54 65
986 59
70 23
766 27
389 40
546 1
868 2
678 32
832 68
82 23
315 8
825 12
542 51
496 53
693 1
171 31
317 50
651 42
534 49
242 67
962 26
547 16
205 22
