300
300
986 74
571 15
606 43
122 35
760 36
915 54
390 2
178 17
991 3
516 11
842 8
969 55
227 64
807 28
272 38
408 1
48 16
457 73
782 53
224 8
340 57
40 25
571 4
711 67
553 22
472 58
664 2
810 2
671 49
23 72
598 40
565 29
962 14
373 23
35 13
683 45
529 69
100 70
181 34
790 63
170 61
496 44
47 66
204 22
556 51
95 30
585 7
833 55
396 57
318 11
229 59
686 10
857 26
28 75
397 74
29 15
891 17
552 52
480 21
837 44
576 48
749 18
348 32
182 7
222 27
938 45
501 63
865 66
172 40
558 38
481 65
158 16
402 38
493 18
944 12
921 69
129 68
717 21
515 10
576 72
563 57
558 17
857 23
61 20
88 23
874 25
114 57
782 40
47 32
530 50
713 60
749 70
288 28
954 45
621 18
473 36
978 23
641 67
32 6
863 25
642 51
979 29
171 65
395 13
22 2
725 30
590 3
284 40
617 13
109 39
920 55
981 70
42 14
106 28
113 32
998 50
990 52
456 15
121 49
729 2
11 70
796 28
971 48
606 13
775 45
361 6
133 51
599 47
859 73
315 20
155 18
756 16
292 45
425 63
543 20
871 67
461 30
437 62
183 68
560 4
786 31
959 43
188 8
710 36
573 26
237 71
588 12
862 5
191 54
127 9
302 62
706 45
753 10
616 62
62 12
997 56
595 64
80 71
998 53
898 2
486 62
987 32
837 9
746 52
231 60
681 68
328 65
995 7
951 59
125 59
740 50
831 24
73 8
7 13
237 7
962 54
282 21
329 52
294 45
524 70
68 4
748 23
927 48
333 63
405 33
535 74
727 32
943 59
560 15
799 39
273 38
279 17
175 70
201 27
38 49
14 11
437 47
969 13
760 55
605 69
401 75
535 22
970 50
353 43
640 48
223 54
958 22
404 23
656 56
979 3
401 31
692 42
262 12
299 40
471 59
753 47
624 65
85 61
659 12
489 70
180 35
277 68
87 21
547 19
665 34
990 46
786 58
35 46
851 27
937 46
903 36
788 75
577 6
920 28
648 2
526 44
278 35
761 55
186 69
153 3
148 39
746 68
903 18
615 26
288 3
433 61
19 16
970 58
659 12
40 29
938 50
2 10
767 14
146 48
596 56
641 1
383 59
14 71
254 46
289 53
744 75
908 52
196 72
783 42
512 38
726 43
189 12
964 66
669 44
463 46
91 6
949 55
237 50
34 69
221 21
634 51
620 22
415 29
122 8
694 19
387 26
6 73
940 74
959 44
987 68
349 37
225 27
404 12
410 7
750 69
435 24
585 22
691 36
662 15
664 28
620 75
40 5
374 50
12 7
569 2
