300
300
571 17
880 74
327 66
118 41
951 40
155 33
888 75
283 66
966 30
503 41
942 64
237 47
580 9
526 27
917 58
805 47
973 24
775 14
344 66
151 50
937 16
940 7
200 23
991 52
602 16
485 28
522 52
581 70
73 46
137 75
645 43
677 44
38 34
897 11
749 68
878 40
356 59
16 15
192 59
709 63
408 34
501 1
134 65
258 43
535 27
842 53
843 61
989 59
207 45
874 66
720 51
43 13
477 13
706 51
30 13
184 25
187 69
43 21
403 53
317 59
584 72
649 39
524 38
281 29
278 19
170 39
228 69
299 48
920 40
108 34
620 8
94 61
288 60
928 35
86 50
764 4
982 21
866 48
476 31
292 48
75 34
468 5
953 68
662 34
669 72
273 1
451 42
866 10
964 34
399 34
775 18
647 48
318 41
161 9
798 13
899 12
859 11
273 1
825 48
329 6
49 10
99 25
492 28
351 67
565 29
188 40
914 22
152 27
472 27
224 50
891 3
662 32
343 31
782 22
837 32
234 43
654 68
742 69
152 64
434 23
213 17
856 32
550 33
982 63
90 72
899 62
262 15
572 56
608 63
225 67
598 17
764 64
423 40
229 47
469 74
526 71
467 43
533 22
185 39
270 5
159 74
191 9
615 66
753 47
630 3
933 19
907 13
746 37
130 42
759 52
978 44
589 21
251 66
787 72
471 34
707 69
266 7
63 52
806 25
684 70
122 45
563 40
946 4
237 32
686 22
768 8
739 39
526 39
771 13
654 31
739 71
252 18
521 51
642 17
281 32
924 15
458 10
952 27
649 44
603 71
321 68
80 74
943 21
848 70
367 10
374 66
998 23
735 6
983 1
478 31
343 26
402 58
155 29
169 65
546 9
599 72
793 35
139 34
234 57
511 11
353 54
920 53
300 4
463 23
425 42
899 26
341 75
414 73
202 20
46 26
433 52
126 75
707 47
307 45
863 48
406 37
618 10
480 55
594 49
984 51
504 58
482 26
617 14
394 55
282 71
461 67
139 15
864 33
933 21
750 30
902 29
43 54
628 44
978 69
185 51
910 66
703 5
78 69
488 51
351 19
767 22
770 36
936 20
628 57
136 67
421 44
677 62
390 21
39 70
293 52
179 54
222 72
224 66
330 75
238 62
12 15
747 66
11 36
514 39
510 41
235 2
302 45
561 47
627 3
207 19
789 43
420 67
2 38
620 18
452 29
772 31
23 15
971 45
816 46
4 30
526 34
909 31
466 40
260 35
107 9
765 20
894 47
779 23
352 66
26 67
781 11
24 31
271 17
654 26
792 29
391 21
216 56
715 32
790 11
384 19
72 60
617 39
540 49
668 2
683 32
