300
300
782 4
550 74
506 45
96 64
586 39
863 36
92 27
214 48
420 66
285 46
888 53
563 2
190 65
943 32
440 16
339 8
999 25
293 73
866 30
356 40
723 1
827 31
91 23
665 12
396 55
847 42
512 14
753 38
916 71
368 43
582 55
430 6
524 7
916 31
289 70
507 25
323 55
13 44
74 70
509 47
405 75
909 16
97 59
742 51
385 65
128 59
200 32
295 58
62 55
102 41
35 37
874 67
177 18
374 42
694 65
402 8
717 5
603 10
94 60
519 1
114 30
125 45
309 59
114 24
551 19
563 22
307 63
933 51
197 42
20 40
724 67
126 35
253 72
443 66
601 26
51 31
980 2
341 69
297 25
429 66
583 71
152 33
334 42
236 67
106 69
970 24
747 31
714 69
797 39
774 7
814 48
976 55
194 9
828 11
373 56
51 6
417 18
719 20
86 38
514 61
770 57
558 30
237 73
416 14
232 29
442 32
283 37
347 6
727 8
930 53
116 66
965 32
718 26
235 28
930 39
364 70
133 41
887 24
793 70
686 51
411 61
32 32
190 6
547 54
497 9
183 17
686 68
800 44
781 69
171 8
787 46
896 9
123 44
954 66
832 51
520 54
377 28
910 67
704 62
41 51
415 35
545 13
655 72
970 73
987 26
889 26
962 5
830 21
798 50
447 40
343 3
635 36
707 38
191 60
211 54
756 26
271 29
338 42
76 70
806 15
314 11
329 73
543 47
455 7
547 47
420 70
382 52
905 6
894 30
770 23
984 5
308 1
761 22
203 12
990 69
541 22
682 15
555 17
312 54
949 41
440 49
398 69
13 40
887 71
805 19
440 26
236 14
869 56
85 69
544 39
681 55
26 21
337 13
715 26
368 4
11 43
430 18
361 31
540 40
205 1
383 31
937 50
159 73
602 29
214 34
138 10
116 27
900 26
627 41
276 30
740 20
552 35
482 71
663 42
817 72
309 19
216 32
321 66
151 35
316 44
833 72
733 29
736 19
80 63
97 75
250 43
334 36
98 19
976 65
57 67
261 44
413 73
614 21
708 15
242 12
137 28
297 27
379 26
115 53
283 47
647 10
791 56
44 28
1 14
940 43
521 64
2 73
143 9
168 71
879 28
362 24
168 12
467 74
462 14
380 21
222 58
298 31
640 28
986 10
939 66
893 53
936 10
209 13
84 11
212 60
769 26
962 8
841 26
526 52
680 43
148 22
792 46
78 35
508 55
896 21
166 3
611 24
342 63
350 13
149 75
251 20
691 57
753 43
492 46
850 16
447 6
438 21
292 65
970 52
432 20
22 72
168 11
831 69
583 19
335 71
570 5
705 29
759 70
429 43
47 10
