300
300
624 59
590 23
667 28
403 33
173 54
512 24
257 65
214 28
666 55
783 58
499 12
980 10
769 45
743 25
832 22
626 51
162 39
432 8
377 31
307 30
736 52
745 68
69 29
994 68
738 27
821 70
252 36
392 28
423 64
254 19
810 13
385 60
887 40
787 25
349 40
361 50
590 18
151 37
647 21
576 18
233 24
764 35
808 66
364 10
849 25
822 25
334 53
3 25
866 35
529 50
259 20
222 31
768 5
636 53
29 70
112 73
888 62
777 3
734 29
625 44
481 65
936 32
211 48
641 70
232 64
875 62
662 15
217 3
919 67
278 60
943 12
663 39
235 5
787 34
856 1
793 31
695 54
92 22
589 38
973 21
727 9
532 39
210 72
762 61
513 29
965 9
13 21
485 23
95 70
285 34
430 46
825 53
642 43
457 33
738 4
53 64
969 6
162 15
269 34
458 8
651 2
772 32
769 6
600 21
214 22
642 51
560 3
689 65
630 21
373 63
23 10
911 38
543 69
804 68
513 57
383 1
257 7
551 73
221 29
487 53
718 27
962 21
755 15
812 27
805 38
879 33
736 3
904 55
840 15
650 48
947 43
741 68
243 71
322 60
698 2
138 33
694 18
553 64
622 73
570 56
183 60
680 74
699 31
86 41
910 41
43 10
292 3
351 52
18 70
822 28
813 75
405 18
154 51
909 34
824 26
194 25
295 23
19 67
779 61
382 74
880 20
76 41
833 25
22 43
359 19
595 75
907 57
696 59
849 6
717 75
404 35
345 59
146 73
990 25
174 9
652 20
681 65
394 74
8 42
607 37
490 2
187 52
761 58
176 48
612 12
25 27
257 34
307 27
472 29
139 9
262 16
258 10
789 61
408 30
420 3
654 34
465 73
823 33
236 3
367 26
920 75
703 1
247 21
926 17
496 31
84 30
733 6
809 1
864 45
731 59
498 34
717 3
254 43
472 60
849 13
601 25
767 73
450 22
897 68
61 26
259 70
959 66
717 67
599 40
661 53
33 43
307 21
657 72
82 2
124 49
89 21
560 64
380 71
703 6
361 66
647 12
560 15
231 61
24 29
788 44
657 74
322 43
50 8
401 73
221 16
414 18
546 50
682 26
551 32
692 37
558 58
227 20
120 31
116 38
982 24
837 29
195 26
933 9
676 29
184 25
712 44
295 10
669 66
318 23
267 49
380 54
32 32
611 69
612 57
646 17
768 38
438 15
145 63
171 4
852 12
382 8
716 11
523 1
54 28
782 62
313 10
371 71
771 15
555 28
424 17
816 6
519 45
968 28
815 48
287 48
726 22
912 27
168 68
747 16
695 33
504 67
300 31
113 52
359 4
277 49
