200
100
422 36
367 10
705 27
898 32
931 38
995 30
28 39
852 1
201 20
426 12
739 45
133 36
343 19
955 19
324 9
341 47
796 9
408 50
135 5
833 16
494 28
647 22
218 48
272 18
169 49
132 8
195 14
343 38
535 47
8 10
57 48
306 4
758 13
55 43
369 37
958 14
714 6
87 34
454 10
701 24
110 32
233 5
448 27
194 34
223 1
543 31
901 48
834 8
912 38
550 32
127 9
197 40
815 34
123 20
345 26
945 5
359 28
111 8
104 4
491 29
504 33
661 6
232 47
414 45
86 15
126 12
174 23
404 40
958 26
959 2
53 5
756 12
432 18
921 36
521 12
214 27
796 26
132 30
72 47
874 8
212 2
369 37
674 22
76 33
650 36
284 2
640 42
465 24
609 36
959 30
149 24
858 46
749 41
675 21
238 49
330 1
900 48
537 25
470 14
907 21
701 40
172 42
933 39
467 42
726 25
23 24
300 32
169 1
572 44
573 11
744 2
961 43
599 49
919 20
164 25
890 16
366 14
260 49
754 26
192 29
503 16
704 2
149 22
554 20
67 26
881 12
379 43
156 28
42 24
749 7
898 41
773 16
756 32
266 9
757 9
339 9
726 42
413 24
265 16
945 34
444 25
845 22
370 1
151 11
74 2
967 24
242 41
939 49
122 6
857 31
364 45
841 39
588 3
962 2
571 6
535 16
83 30
187 2
732 40
214 5
941 32
128 34
623 18
882 46
973 38
326 36
284 19
776 21
123 39
722 43
347 9
410 31
340 47
584 21
638 47
875 28
680 5
111 4
124 42
750 47
81 27
784 14
945 12
586 18
1000 9
112 46
267 22
126 6
470 11
676 7
857 3
36 39
609 46
542 32
489 41
180 19
70 14
284 14
875 19
433 26
