200
100
705 33
680 22
515 6
325 16
145 4
975 23
834 16
260 15
4 25
907 16
85 17
337 13
867 4
452 16
224 4
795 28
938 24
899 3
379 23
970 26
329 46
948 14
614 9
630 17
933 38
835 19
654 21
732 23
76 33
238 49
587 33
579 24
858 27
328 39
52 49
464 30
945 13
245 10
673 24
878 6
761 12
974 17
234 5
639 9
240 26
960 26
260 38
349 18
366 29
706 17
677 21
148 23
635 42
882 7
265 10
264 28
823 40
144 7
646 32
717 35
9 26
710 19
213 11
738 31
439 43
347 17
315 47
440 1
238 21
607 5
432 23
584 5
812 27
663 7
860 31
694 20
407 5
488 21
517 27
253 7
371 50
774 35
798 13
985 37
885 44
241 19
166 24
923 29
902 37
137 13
667 30
333 25
585 22
748 1
749 50
760 19
951 33
804 50
97 40
487 31
83 29
649 50
255 23
928 6
211 15
269 30
894 3
654 30
124 3
283 22
105 42
991 7
926 46
507 22
637 43
354 20
71 5
671 25
277 49
833 40
15 3
69 10
405 22
442 28
827 24
752 31
117 44
337 42
239 45
63 25
187 18
946 8
122 19
934 1
919 16
590 33
218 8
544 22
731 35
502 7
60 3
839 26
698 28
569 36
722 33
162 11
751 10
518 24
428 1
974 46
569 13
630 36
572 23
408 3
158 11
211 19
865 2
97 12
281 15
849 2
1000 12
262 50
821 31
973 50
934 49
945 2
861 26
639 33
99 48
87 8
658 47
176 24
50 22
435 30
289 35
684 38
997 47
37 19
428 11
769 13
659 15
566 22
991 4
656 41
602 42
48 9
390 25
133 42
199 19
121 37
554 4
774 2
101 12
70 30
874 40
592 35
255 7
108 47
360 13
389 11
