200
100
148 44
865 39
336 43
374 47
675 8
771 31
681 17
495 8
686 26
335 24
519 26
166 45
954 39
499 1
989 1
804 37
344 18
427 29
960 50
777 36
909 50
866 42
816 11
549 3
136 35
776 6
361 44
702 16
882 50
118 23
50 21
711 45
940 37
776 1
288 2
236 47
451 2
138 18
814 38
471 1
625 46
307 37
539 8
2 23
560 19
995 11
40 7
706 29
193 31
230 30
384 17
28 35
918 17
452 31
907 24
32 31
520 40
867 10
49 18
534 8
338 28
921 29
936 26
60 28
458 41
608 41
457 37
27 25
504 31
457 10
104 40
940 25
881 8
385 30
377 18
889 14
798 9
795 33
786 4
213 45
494 22
436 50
158 14
676 11
644 33
422 48
324 13
722 5
870 8
134 48
728 24
664 27
535 8
609 20
311 23
915 6
344 2
105 2
515 31
162 9
265 36
258 38
648 31
792 18
789 27
467 18
651 30
744 35
587 4
856 49
877 20
404 20
823 11
721 38
993 35
848 7
170 5
844 17
435 38
686 25
264 3
442 14
634 35
450 21
241 6
821 17
75 27
336 50
437 9
587 29
643 34
37 14
890 30
332 26
867 18
251 33
522 44
396 5
581 46
727 21
503 48
937 27
476 24
826 12
32 14
692 26
549 30
189 38
959 21
114 28
538 16
12 11
759 7
565 39
604 42
159 6
839 47
35 14
71 12
577 2
328 20
128 26
699 18
314 9
188 27
538 27
494 49
487 2
308 2
591 13
343 1
721 33
548 7
198 20
318 26
71 45
97 50
873 47
218 36
155 5
964 45
834 7
593 20
708 2
723 50
515 15
103 37
949 2
693 48
971 12
623 41
359 21
591 31
217 8
416 22
564 31
768 47
539 12
69 46
964 41
