200
100
172 9
97 50
309 16
729 20
331 31
820 3
825 23
159 37
820 26
838 4
290 28
902 15
120 15
225 19
937 41
284 10
851 30
909 9
46 39
481 26
171 2
380 45
974 40
782 46
65 21
701 6
651 4
520 20
168 45
840 6
637 23
915 37
503 25
998 48
516 30
275 36
481 6
681 7
895 14
952 12
784 2
17 34
606 39
204 25
985 45
581 21
518 47
459 20
374 8
919 39
637 45
574 18
550 6
924 44
419 27
755 5
230 22
988 37
660 43
312 44
938 42
616 5
90 26
826 13
234 46
703 20
640 29
339 39
234 14
632 5
840 39
559 22
862 48
608 23
793 19
868 30
162 33
536 2
908 13
66 43
808 21
363 47
749 1
987 34
667 20
338 8
708 48
279 19
146 37
793 40
805 10
19 19
494 6
922 4
970 39
246 27
459 8
575 9
661 11
893 27
530 32
536 40
182 15
510 29
701 3
968 7
962 38
175 8
243 48
561 14
787 6
340 45
414 16
156 26
178 48
104 9
981 39
648 12
453 10
840 5
812 7
714 25
144 40
932 38
688 44
301 24
650 42
70 15
257 25
192 36
624 45
845 5
285 44
118 40
353 8
594 16
116 7
993 12
547 26
349 36
120 2
59 21
993 30
535 2
705 26
387 30
20 33
636 6
427 4
745 31
63 41
999 30
997 41
141 45
618 40
480 39
843 40
209 35
370 43
436 26
468 25
457 39
757 43
847 35
198 41
18 12
281 16
141 30
358 32
876 25
123 8
416 15
597 24
151 18
367 37
95 36
113 2
377 21
996 23
756 43
813 25
804 46
140 44
75 49
577 2
175 49
9 40
15 8
214 16
275 32
104 20
117 16
273 45
788 18
67 43
812 32
19 17
677 10
910 3
358 39
