200
100
39 38
290 30
181 13
332 41
179 20
380 24
56 5
861 43
927 21
455 43
713 48
584 27
288 41
74 50
719 36
564 7
924 3
538 6
165 21
96 45
40 27
218 47
782 29
690 8
301 46
51 13
595 36
589 32
776 14
181 46
349 44
602 24
949 41
431 15
711 28
160 3
705 27
549 36
455 40
545 5
85 45
119 31
580 9
912 8
424 42
553 25
188 7
100 36
997 31
600 8
760 11
162 14
488 10
301 44
652 46
401 36
792 19
767 22
930 30
431 3
474 33
829 11
489 29
148 36
811 49
545 20
210 8
386 49
767 38
342 18
883 42
506 27
613 24
398 42
5 30
246 28
162 27
490 3
355 37
840 17
88 36
86 49
793 23
697 11
861 40
681 45
132 36
121 46
161 20
989 15
49 34
643 13
660 32
565 16
121 4
882 10
139 20
208 33
494 4
193 6
293 23
801 26
410 23
871 22
495 9
87 45
445 31
457 6
564 23
174 36
128 5
595 18
726 2
900 20
57 43
925 2
317 27
477 27
702 50
648 46
910 36
90 4
166 49
810 32
271 35
117 49
389 14
16 17
217 18
38 24
360 12
327 28
391 5
754 42
854 4
287 14
839 28
469 7
626 30
790 49
964 8
647 5
321 14
171 38
281 8
163 42
521 41
20 13
995 25
354 1
878 42
316 19
72 34
425 47
766 16
945 29
823 43
785 46
957 7
385 39
866 49
581 39
739 50
1 33
76 7
933 4
50 48
22 21
384 48
170 49
715 16
229 37
409 14
384 17
672 18
305 38
666 37
276 4
188 26
137 14
334 21
217 34
669 40
504 4
739 23
552 3
139 32
341 49
145 25
967 19
844 23
706 10
860 31
265 47
608 1
662 42
174 30
325 44
819 30
597 9
