200
100
893 43
940 25
262 26
906 6
244 6
123 41
611 23
974 16
664 23
163 22
869 4
474 27
99 18
409 46
501 35
653 46
827 42
520 38
419 27
393 14
82 17
704 42
790 28
60 5
952 22
927 20
527 2
647 25
820 7
72 22
91 24
417 18
667 38
5 35
65 50
99 48
968 4
542 7
183 1
562 34
174 40
954 50
591 2
676 12
710 48
434 50
823 2
717 42
490 24
926 6
175 26
755 42
882 46
899 14
248 12
198 21
3 3
472 45
806 50
707 15
599 42
314 21
45 33
614 36
456 40
791 30
267 46
771 50
193 21
564 41
184 11
213 38
615 37
483 20
536 41
934 36
32 49
258 26
981 22
962 36
763 4
417 31
1 40
881 46
912 44
338 46
556 50
985 20
586 17
941 23
7 26
958 40
824 18
818 5
439 29
592 1
234 11
581 37
900 11
132 11
256 19
258 11
370 43
332 8
709 22
780 18
497 40
457 23
657 24
829 47
404 20
999 40
132 29
576 31
392 9
194 49
527 1
162 46
45 43
203 4
117 35
173 15
776 31
637 34
607 15
230 12
237 28
351 18
158 28
399 1
336 42
900 14
394 11
110 39
905 14
544 23
998 18
338 23
48 24
908 4
791 37
16 27
716 18
746 26
348 46
126 35
439 27
249 33
789 8
623 44
21 16
66 21
233 5
495 30
729 3
286 21
891 3
897 9
722 44
184 19
490 9
104 28
38 4
112 26
61 34
871 33
899 39
155 33
43 2
115 23
404 2
993 46
404 41
604 27
235 37
898 24
448 3
3 37
56 15
662 18
848 33
900 49
173 7
933 15
408 47
338 13
798 32
808 3
923 12
30 7
550 29
232 49
631 34
185 36
700 49
153 50
731 4
350 5
810 32
469 19
