200
100
114 16
751 28
844 43
467 27
966 4
414 44
753 8
513 30
766 12
245 9
662 40
672 28
392 43
486 18
757 29
980 20
94 30
399 39
675 17
18 40
820 33
735 22
390 47
703 7
58 47
315 21
386 39
548 27
381 33
446 37
511 25
358 6
507 6
597 33
972 14
524 43
396 8
714 37
856 16
995 15
362 11
335 49
999 32
875 32
914 22
868 26
449 26
83 7
333 29
839 7
644 12
799 41
619 13
879 24
280 23
738 42
534 24
92 34
305 19
615 20
990 35
345 40
60 29
96 44
810 34
400 3
295 49
844 15
711 24
90 42
947 29
983 32
602 27
67 6
745 32
827 36
516 21
876 27
302 21
670 11
905 22
915 1
620 10
816 32
184 5
23 32
436 8
665 37
784 31
295 30
764 21
965 29
644 40
557 45
811 29
407 17
1000 21
617 21
431 34
652 14
41 26
447 26
383 11
864 18
841 8
397 5
631 12
235 24
553 44
570 15
722 26
781 23
296 50
43 28
885 46
43 27
71 39
752 6
599 18
323 42
477 22
748 7
785 34
380 37
477 1
52 50
276 34
974 24
933 16
353 20
61 46
446 34
236 50
289 37
517 13
978 45
386 27
452 20
410 33
859 39
484 10
140 11
445 14
386 30
129 39
899 42
486 44
377 21
245 15
907 11
979 36
106 15
312 9
886 24
91 44
312 26
5 1
389 50
916 24
179 47
864 29
938 49
124 14
70 19
330 28
481 10
564 36
24 25
846 10
948 39
5 11
566 10
414 4
811 29
728 39
725 43
769 14
292 42
679 13
260 10
40 41
20 5
678 45
830 26
304 29
164 11
92 29
670 5
683 30
185 12
820 10
704 40
275 47
831 6
59 43
665 1
183 34
405 12
79 36
87 34
