200
100
99 29
175 21
831 49
497 17
962 32
919 9
358 30
743 36
963 28
995 13
864 31
195 19
283 6
6 4
784 34
921 33
962 47
653 42
97 2
461 10
333 29
768 42
510 11
577 22
388 24
536 3
306 31
622 38
138 29
643 21
412 15
803 26
361 8
869 9
309 29
218 43
59 36
35 19
848 13
392 35
238 28
838 44
10 11
131 47
789 26
67 3
40 20
278 1
29 46
209 37
475 27
681 35
764 15
453 11
30 47
197 17
476 36
162 35
196 43
983 37
418 1
889 9
622 18
209 50
663 20
986 39
548 17
374 13
733 28
273 14
726 19
381 1
207 42
37 4
186 21
90 5
772 30
764 43
847 24
43 12
445 30
702 44
398 25
6 33
605 28
596 30
99 28
883 5
222 19
58 7
290 50
714 13
181 29
805 30
504 49
593 49
931 44
292 28
721 48
810 25
927 6
6 27
85 38
681 6
159 41
713 50
942 28
212 22
606 18
853 9
919 45
409 49
739 1
528 9
350 38
135 28
95 42
5 29
380 35
485 40
127 49
689 20
678 2
894 33
971 46
743 41
191 2
89 31
204 19
91 5
306 27
532 2
68 36
282 49
573 18
688 1
666 28
471 43
331 14
977 4
461 22
894 3
223 35
283 28
303 23
34 10
949 15
63 19
453 44
167 25
462 7
427 29
286 47
822 17
612 50
622 25
221 15
427 45
201 10
572 5
434 5
814 35
522 28
103 24
572 21
350 35
827 28
863 13
377 36
81 38
186 2
764 8
568 41
553 21
900 26
975 35
433 41
419 6
368 21
631 39
142 30
675 20
459 38
784 35
925 14
175 12
917 38
220 37
128 24
957 29
599 33
64 33
423 32
688 41
355 18
81 48
649 6
167 8
293 3
942 17
