200
100
611 14
626 43
88 15
64 23
840 20
25 10
66 41
61 42
67 18
978 10
676 11
691 22
215 37
759 6
354 20
875 14
85 50
258 22
514 22
895 4
741 21
513 9
711 26
152 27
393 31
36 20
694 29
593 8
617 2
465 20
123 40
286 7
839 43
730 3
864 26
58 7
246 20
115 6
847 16
85 39
747 20
10 40
550 3
699 16
306 14
488 28
503 23
986 41
667 15
45 31
43 2
487 38
24 3
596 20
218 30
461 16
151 20
107 1
424 6
218 29
969 5
508 23
829 43
515 46
560 10
378 2
13 16
241 36
168 36
906 37
515 18
405 16
187 11
718 13
316 35
691 36
992 1
458 22
43 25
19 4
884 46
555 48
963 48
284 32
983 41
219 50
258 23
867 46
485 34
758 3
870 1
788 13
351 48
737 45
922 5
699 7
503 5
404 15
752 39
947 35
579 17
936 36
491 2
632 25
737 39
479 8
541 17
171 41
216 7
636 39
13 36
645 15
290 50
332 42
439 30
128 17
498 13
205 38
216 36
314 2
576 43
909 17
411 31
359 26
337 46
466 50
31 10
216 21
861 47
714 1
528 43
20 25
255 24
364 20
411 28
773 36
822 33
454 34
464 13
209 50
158 26
501 41
135 19
861 47
967 26
998 45
118 17
519 24
240 33
545 2
912 17
339 33
349 43
316 12
957 26
964 16
901 16
6 37
236 18
85 3
143 32
697 12
450 17
335 39
449 29
42 12
547 31
444 48
173 11
411 31
338 26
946 40
894 2
328 29
169 13
331 14
494 29
275 46
946 12
984 46
192 28
458 39
758 3
338 30
716 50
410 3
826 7
995 19
658 22
199 29
734 32
842 30
260 16
875 5
77 10
951 21
587 10
359 46
12 48
625 27
