200
100
485 35
476 6
859 14
465 31
21 30
800 11
217 42
986 50
551 9
320 12
952 10
61 21
757 19
237 7
6 19
50 42
755 26
699 13
341 13
696 11
995 45
473 11
938 8
211 39
569 30
602 22
192 12
342 50
282 29
407 37
649 6
481 5
333 29
719 23
694 14
34 38
261 8
250 48
316 12
38 36
342 40
107 35
653 48
184 35
378 42
573 28
398 3
132 32
584 3
755 27
616 38
316 26
997 15
426 12
377 13
547 20
454 5
306 9
453 39
393 32
431 15
560 30
18 43
261 1
245 17
229 11
506 44
88 3
460 13
814 38
328 13
257 33
69 14
591 21
403 33
703 35
300 14
716 19
656 28
621 1
695 49
761 2
744 50
54 3
65 20
391 42
284 49
876 2
913 17
225 17
801 27
203 2
892 18
120 47
597 42
447 43
292 9
195 35
759 48
590 25
467 32
918 50
682 43
454 44
611 28
612 14
956 14
215 47
83 37
393 32
778 42
674 22
750 18
456 10
116 47
34 34
80 1
36 12
96 39
707 6
166 19
469 23
484 36
319 19
722 13
950 1
254 23
272 4
491 30
215 8
476 1
243 6
551 28
669 46
118 25
704 35
45 22
107 29
207 27
447 30
840 46
131 43
370 2
448 12
833 15
521 11
615 14
216 15
393 34
163 11
610 18
497 5
741 6
183 48
732 31
579 21
728 9
16 47
463 15
661 47
829 31
307 45
944 24
312 39
109 24
551 19
43 47
373 33
2 7
730 36
887 11
8 16
721 25
414 35
190 24
182 20
255 38
165 50
362 26
238 20
301 40
540 43
187 12
125 40
170 7
625 8
867 35
373 39
359 37
474 48
860 5
270 16
494 36
16 7
261 5
29 13
745 18
255 33
832 31
174 1
