400
400
986 59
497 67
777 47
831 5
169 68
974 57
380 59
722 89
666 98
991 25
19 72
28 11
855 50
196 76
648 4
249 57
666 44
57 63
760 40
610 13
465 49
389 45
119 59
531 22
813 80
611 22
218 24
411 95
305 71
119 63
50 60
431 33
255 81
690 75
119 40
35 66
258 47
852 73
490 27
68 72
371 74
859 73
11 44
682 61
16 39
112 94
116 63
160 34
376 38
232 83
496 88
940 16
104 89
895 100
702 91
612 10
304 84
718 52
694 59
852 52
97 86
108 29
472 44
319 78
47 85
14 17
4 6
432 23
93 27
165 72
607 98
488 58
843 49
411 62
104 74
863 43
139 51
23 65
322 15
35 53
617 47
506 96
634 53
645 11
367 70
117 21
471 46
331 61
279 59
451 75
674 62
388 56
694 2
92 93
330 52
179 22
64 23
42 63
610 48
115 93
980 68
133 72
355 92
103 92
578 2
370 82
187 45
915 72
190 95
403 70
719 88
152 20
792 41
529 71
242 29
646 79
303 34
852 90
497 94
473 50
571 28
229 96
425 90
354 88
966 62
104 82
633 48
84 67
408 53
244 8
585 42
687 26
41 67
379 28
663 50
223 25
413 19
965 41
221 77
908 95
299 74
475 83
401 40
219 42
964 78
642 70
363 16
756 53
115 41
81 90
867 77
558 16
704 32
898 89
627 92
761 27
230 97
769 68
498 79
673 7
186 8
717 49
757 1
575 50
523 76
734 82
106 34
500 31
330 4
211 60
414 76
167 52
530 63
575 51
809 31
381 39
72 55
247 33
38 20
847 77
81 93
455 80
89 83
573 99
991 42
705 58
113 30
155 90
324 95
515 59
548 39
585 45
310 21
931 85
544 30
918 30
142 4
893 3
648 92
438 31
552 40
700 70
424 47
995 90
851 75
681 62
788 97
713 56
780 76
228 3
836 58
321 40
966 1
835 7
551 17
943 19
248 55
284 88
422 80
503 30
214 47
877 84
131 87
761 19
634 11
823 98
477 19
975 100
202 35
163 66
813 22
796 79
50 20
56 3
727 29
624 60
47 73
687 36
764 19
634 41
631 58
373 96
136 23
398 2
785 12
92 27
895 98
301 45
774 30
209 89
981 11
231 78
804 77
870 39
572 73
722 46
633 16
443 85
279 86
997 73
219 36
517 75
570 83
970 3
782 59
709 97
326 40
381 27
941 31
383 25
461 32
665 78
232 42
110 27
164 9
366 56
701 5
205 77
565 29
52 37
146 71
946 76
447 78
836 44
569 51
671 74
381 32
193 96
570 67
130 99
335 35
919 45
417 60
955 78
890 93
504 18
764 3
711 88
616 98
824 20
329 85
778 42
26 91
462 43
356 13
196 89
957 48
308 2
269 64
5 89
240 34
911 99
582 17
758 40
435 100
314 67
484 29
605 78
637 44
861 68
263 68
615 78
693 81
900 97
529 27
36 76
647 82
865 96
815 83
174 40
555 70
73 43
170 5
246 98
880 24
69 93
803 8
620 89
309 50
209 53
909 29
577 3
102 43
908 76
781 71
280 43
989 79
728 11
695 43
845 11
545 71
387 100
363 57
156 100
892 19
361 86
166 56
240 91
907 34
797 43
731 43
293 7
898 97
659 43
854 43
906 25
715 61
393 37
159 11
314 81
361 81
218 29
922 52
301 54
723 69
539 12
120 47
53 76
214 49
871 77
142 32
903 63
921 47
39 27
773 73
400 47
502 64
885 52
896 84
127 86
244 99
420 29
39 12
822 64
875 34
173 76
167 63
709 17
561 68
655 46
