400
400
204 44
834 36
752 72
776 33
202 17
219 90
114 49
903 36
8 70
290 65
638 55
214 85
497 33
382 13
301 79
930 75
35 42
934 48
155 92
662 6
34 22
103 91
400 35
711 84
1 79
578 71
754 78
940 91
601 73
877 75
695 6
538 8
187 2
789 56
952 14
702 16
101 44
146 98
890 7
390 95
688 33
839 81
645 72
407 63
131 61
830 99
166 79
159 44
523 64
20 24
675 29
981 91
25 46
604 19
918 76
543 58
673 33
337 71
880 18
328 58
568 3
999 100
217 99
949 81
890 46
14 89
436 94
721 9
162 88
627 22
425 47
1 68
677 28
254 87
162 85
473 1
634 58
111 74
75 4
17 16
806 93
92 86
796 32
61 57
129 4
861 81
660 17
95 31
447 4
600 33
232 76
670 11
129 25
694 54
804 58
667 83
131 94
605 58
706 68
900 41
556 49
439 44
764 88
416 38
165 92
767 67
334 40
644 77
744 84
477 66
795 79
780 54
661 63
70 84
617 23
159 64
639 28
12 31
8 24
364 57
50 73
308 82
243 91
144 16
315 88
54 49
123 94
159 5
15 96
274 21
161 5
697 29
953 42
548 88
489 30
672 31
646 47
527 36
773 94
975 12
667 50
663 94
5 23
780 92
390 17
343 23
697 22
707 34
147 79
824 30
343 9
625 30
201 70
749 75
391 32
970 37
561 23
872 54
878 40
769 71
628 59
580 45
534 25
763 62
964 51
388 87
798 9
602 58
267 27
434 83
664 53
615 9
72 23
305 99
246 34
676 39
257 75
227 82
287 45
493 100
659 27
466 52
962 18
981 75
108 66
151 67
198 93
121 100
565 40
490 31
27 96
115 54
400 61
106 1
875 25
225 24
24 88
31 41
477 17
720 44
681 93
46 100
517 25
168 2
314 10
731 70
968 66
618 67
638 53
519 68
7 11
93 84
552 22
522 92
91 65
366 78
749 64
595 76
931 2
836 57
176 78
481 91
793 14
149 59
547 12
350 43
818 28
528 59
244 79
108 84
795 96
973 55
61 14
20 89
105 6
318 48
6 15
319 87
960 19
293 40
457 83
72 24
687 53
791 99
576 24
680 30
372 62
367 38
525 28
769 47
1000 35
807 38
561 87
765 85
878 28
37 56
11 68
884 50
795 9
312 52
611 22
90 44
195 24
615 26
3 88
473 93
286 34
839 10
118 36
301 79
854 3
957 17
296 17
433 21
874 64
350 15
401 29
877 76
245 39
225 29
251 39
360 29
56 48
2 21
764 38
672 49
216 34
751 94
462 29
936 11
952 27
956 82
919 12
223 97
13 92
657 17
635 97
614 86
942 72
461 58
872 86
521 90
551 90
195 72
89 21
523 64
309 2
984 8
253 50
671 45
737 10
1000 67
135 56
667 45
530 47
627 69
40 44
725 36
730 17
509 82
426 12
777 47
855 28
105 17
519 14
28 58
609 53
334 44
397 15
8 60
112 19
66 95
368 24
366 38
651 58
838 56
983 9
707 78
835 42
462 15
395 79
860 24
572 20
33 33
149 64
15 12
145 63
128 53
953 37
951 3
425 91
388 42
228 49
886 38
327 5
842 17
637 49
858 59
60 74
438 25
643 83
682 11
695 52
275 6
209 35
136 100
957 44
566 92
691 30
825 28
703 19
36 23
459 20
829 38
720 84
739 14
614 96
595 5
494 99
470 78
251 68
906 23
971 64
842 6
493 6
944 18
342 13
275 4
567 67
688 65
514 9
593 50
388 29
869 72
652 53
90 61
35 81
219 17
625 12
291 37
