400
400
810 47
453 56
281 35
844 20
306 45
107 7
555 37
433 82
72 29
315 79
755 69
228 94
744 35
987 61
932 55
556 31
654 9
252 18
343 6
890 100
803 85
980 100
255 99
223 49
25 75
412 92
415 18
858 13
435 100
423 99
541 81
961 39
728 50
949 31
812 1
152 97
377 44
837 49
315 15
469 75
907 68
886 49
722 47
182 26
689 79
878 9
474 10
135 82
531 75
940 25
286 20
832 77
50 80
318 55
741 30
266 63
966 91
736 49
811 44
645 30
515 18
716 76
567 99
910 66
924 68
96 89
564 92
200 9
522 81
664 54
274 53
668 24
705 4
582 53
618 16
598 57
156 46
612 45
499 34
892 40
230 32
165 75
378 76
764 46
520 41
113 29
930 50
357 69
107 49
332 35
422 69
895 42
866 78
748 52
276 58
101 56
231 83
915 32
485 57
146 3
969 25
186 84
132 39
775 94
458 22
968 30
129 19
716 37
933 80
647 12
711 83
754 76
933 66
827 24
706 36
852 65
200 11
923 14
765 28
33 24
95 16
948 95
138 11
954 89
91 97
920 65
117 38
321 79
420 96
808 74
400 2
220 50
281 82
958 41
561 94
617 100
283 32
162 52
113 50
570 2
961 92
1 19
322 80
861 90
547 7
535 55
282 33
588 79
307 66
574 12
349 20
514 80
151 13
88 5
207 66
943 88
616 88
600 60
690 82
501 76
964 61
812 50
460 67
49 99
762 100
399 56
380 76
366 86
403 92
956 82
428 89
979 12
640 64
424 32
848 94
632 54
830 93
528 89
581 51
142 90
665 23
910 76
735 95
404 43
108 44
59 60
738 78
57 89
28 7
592 70
512 95
419 4
681 16
500 23
891 15
346 91
529 95
168 32
668 37
139 62
700 92
582 55
146 81
426 56
294 71
592 95
483 23
931 27
682 26
825 90
266 14
225 32
983 77
242 91
557 69
863 33
660 28
470 82
192 59
63 35
332 46
978 61
322 37
660 23
891 91
740 33
272 83
346 53
17 62
850 95
569 59
25 71
107 85
199 61
43 90
732 37
10 90
36 36
920 50
499 78
533 78
458 10
304 10
463 12
250 73
433 20
364 64
282 34
645 29
88 67
590 52
513 25
69 76
50 16
280 65
487 9
536 98
54 15
339 70
392 74
971 68
867 48
183 44
112 6
1000 7
656 10
183 75
159 64
803 34
792 14
201 64
222 37
1000 62
418 96
177 98
750 5
297 28
831 67
519 49
913 54
210 85
344 72
529 53
181 98
669 4
213 56
778 49
942 67
825 50
458 38
469 70
271 93
361 64
872 59
824 64
888 71
562 93
239 100
713 62
95 61
856 14
827 23
836 37
344 66
152 97
150 82
228 87
677 75
276 87
598 61
332 86
976 31
832 52
421 21
598 58
844 42
272 60
655 62
283 80
874 90
636 70
855 79
572 12
118 85
61 45
833 9
748 16
178 59
804 11
249 66
620 60
568 89
321 93
876 93
169 52
818 35
109 36
795 39
414 15
405 27
902 99
359 48
805 40
914 32
797 89
56 11
372 57
164 40
94 76
742 97
918 22
787 73
811 22
637 37
715 30
613 9
498 71
326 33
697 27
178 99
148 63
65 72
373 68
52 77
779 44
778 56
674 46
506 77
761 67
95 3
893 7
85 48
84 41
796 91
937 59
932 44
69 18
933 14
949 7
999 69
429 17
796 80
127 62
719 18
570 11
771 50
668 25
842 56
689 5
166 69
161 77
208 91
586 45
993 35
303 60
650 30
272 16
451 82
502 36
584 76
