400
400
777 72
239 3
657 85
207 100
838 22
703 70
204 34
660 62
790 91
399 32
131 68
820 9
834 59
586 65
354 15
711 38
326 81
919 65
415 37
411 41
410 1
109 55
316 58
931 41
157 43
812 21
397 65
487 21
889 49
548 58
90 15
245 12
200 16
312 48
584 90
256 32
655 90
272 2
659 30
891 76
685 73
504 70
389 87
570 65
526 21
636 45
326 9
100 44
941 23
546 12
774 69
70 51
799 22
356 50
5 48
852 20
361 58
387 50
133 26
599 17
16 17
618 71
388 26
432 40
927 15
6 77
115 85
14 77
441 92
930 19
995 100
767 35
841 97
270 44
30 29
323 22
858 27
997 65
810 61
42 95
59 26
364 9
253 58
861 75
983 79
714 10
312 50
563 63
880 24
882 71
4 51
793 91
788 74
494 91
214 96
434 36
391 88
847 65
387 15
777 82
101 3
458 81
769 32
970 90
130 49
49 92
935 22
436 3
87 24
525 72
876 56
273 86
669 48
499 6
656 3
44 23
215 29
20 74
986 81
96 32
268 21
763 53
496 47
218 2
259 25
627 63
907 49
783 16
720 20
684 80
786 79
334 42
633 99
760 43
150 86
743 83
942 14
824 98
81 35
827 68
641 27
58 87
497 41
348 72
701 39
532 12
229 72
240 15
94 85
372 87
101 96
240 75
269 99
398 28
850 95
220 76
487 36
11 54
915 18
297 76
820 1
913 47
681 84
911 80
172 61
435 19
619 63
748 45
787 59
222 12
772 19
86 68
738 25
835 55
480 92
667 15
97 88
124 53
823 24
204 10
725 67
960 53
254 16
525 71
635 78
302 68
198 53
273 66
8 98
768 94
257 58
361 73
262 42
734 57
95 65
992 74
411 74
855 78
214 89
952 75
676 24
783 90
590 46
463 18
755 54
573 85
777 95
923 47
134 65
725 52
681 77
630 16
230 97
780 41
63 45
437 97
612 40
238 21
60 82
935 10
728 86
607 78
645 43
60 80
116 37
685 73
852 88
974 24
624 37
577 7
429 77
228 53
821 28
740 54
933 38
406 24
150 55
845 18
515 49
388 93
176 82
729 12
914 53
364 60
953 63
66 92
885 33
468 81
254 4
946 39
293 68
701 97
733 22
486 2
959 64
818 21
689 97
366 100
321 49
684 7
265 68
808 57
567 97
235 27
947 80
137 42
878 1
591 21
584 83
694 67
174 71
886 37
966 29
969 29
629 28
180 51
388 3
465 26
216 70
268 49
768 80
541 20
421 14
90 92
986 18
428 35
987 12
503 57
743 78
16 20
799 39
778 99
250 64
310 68
347 74
183 1
603 28
831 3
884 61
523 88
497 81
10 91
293 45
284 3
418 21
416 85
514 41
939 67
696 58
343 97
422 12
710 24
549 26
241 84
530 60
313 13
211 8
245 21
568 16
344 94
117 44
141 82
983 83
88 100
498 8
399 84
567 31
190 47
707 89
16 59
771 51
261 80
534 77
508 11
2 29
59 86
22 29
473 21
670 77
812 88
438 61
774 61
800 45
487 91
380 7
157 8
150 50
595 3
769 73
307 68
515 86
303 30
150 83
746 92
886 42
578 77
369 54
655 83
496 17
828 34
915 33
814 78
497 53
435 72
858 50
45 10
768 95
951 89
323 65
988 39
478 76
699 15
962 49
793 16
634 28
677 41
570 62
528 13
850 27
525 48
605 70
947 37
466 27
872 4
734 41
568 81
230 92
581 63
586 63
692 51
448 19
778 73
489 42
143 32
163 7
279 40
102 91
100 12
378 98
953 84
