400
400
967 29
465 61
663 78
170 40
304 29
4 19
993 34
815 34
949 18
645 71
948 24
413 96
769 99
254 43
495 4
252 6
538 57
956 71
338 100
976 25
661 2
335 48
909 29
915 41
742 94
342 11
249 60
754 39
262 49
315 62
88 54
385 75
470 41
874 65
242 61
71 56
716 9
230 59
95 63
762 59
379 81
711 47
464 52
849 91
705 39
985 4
531 53
746 56
904 89
685 47
858 85
673 10
812 72
653 82
35 43
54 22
131 91
770 89
60 1
696 82
161 51
79 47
976 74
401 68
645 17
382 35
346 24
783 80
525 77
237 94
105 51
495 66
907 30
903 33
974 72
326 7
919 80
432 59
167 50
36 33
271 73
945 100
287 98
681 7
403 31
546 27
756 100
375 44
316 59
198 30
718 42
386 61
565 84
422 92
512 7
312 69
60 22
200 40
321 41
989 54
516 61
427 17
61 18
505 76
263 90
38 20
722 50
65 43
483 2
478 79
197 53
487 66
196 38
27 86
485 87
268 97
735 91
129 82
210 37
703 23
924 86
714 52
612 70
467 60
485 82
749 73
759 73
262 74
20 5
549 22
388 16
111 28
218 99
295 93
535 51
101 34
894 11
111 88
794 92
175 20
262 69
958 75
983 82
23 17
715 68
162 49
134 9
840 26
654 3
66 78
760 14
682 20
42 88
345 43
127 92
576 71
821 95
249 73
211 2
517 75
700 19
158 98
204 59
618 25
911 52
585 63
144 89
182 23
844 80
300 93
368 58
910 77
669 97
357 52
189 51
388 4
935 36
865 19
697 50
151 23
990 87
486 16
720 34
169 49
846 95
410 26
713 78
783 96
562 46
208 22
647 40
110 16
148 55
420 40
183 93
230 30
59 56
742 17
919 47
780 20
764 17
42 50
426 30
536 62
797 35
966 2
168 51
765 51
846 72
591 73
173 26
651 9
214 46
400 25
42 47
731 2
160 66
539 35
773 57
984 16
871 82
153 98
242 77
182 8
472 95
384 36
945 8
368 1
349 71
346 95
941 5
684 44
592 93
385 55
470 65
750 12
680 61
761 100
155 81
212 93
178 53
556 52
873 78
443 71
933 4
963 76
305 26
67 28
410 14
566 93
956 87
471 96
374 98
237 47
668 81
963 21
992 94
896 64
234 70
363 12
320 3
970 50
811 13
303 42
802 51
631 11
682 72
82 41
222 10
421 65
932 92
955 36
12 53
137 25
885 91
41 10
811 16
802 97
425 93
314 23
631 64
757 98
90 18
981 86
563 22
45 44
489 88
455 63
119 28
413 76
746 36
36 74
864 58
928 49
132 46
337 55
854 88
599 85
383 66
23 81
908 86
482 50
140 33
861 54
853 21
980 76
15 56
757 24
133 19
482 47
969 41
79 7
975 9
606 76
198 78
279 18
293 24
750 7
107 71
719 47
991 13
13 30
484 47
7 87
770 33
420 29
838 13
393 30
690 13
543 35
104 82
296 87
901 80
294 57
609 12
173 6
52 44
825 87
663 9
781 3
106 14
607 9
973 92
114 36
926 73
506 2
20 85
874 96
174 52
615 50
634 44
356 83
305 14
196 65
711 1
570 94
553 6
443 56
881 15
981 89
241 78
756 50
801 99
232 40
204 26
105 83
301 27
962 13
117 64
264 61
701 2
510 50
492 14
671 13
177 79
400 19
911 81
75 23
954 21
45 71
469 44
751 41
922 58
497 15
292 11
901 94
534 35
553 56
590 5
473 64
650 4
410 18
952 75
440 47
587 73
291 52
766 95
395 7
830 28
392 9
