400
400
354 15
923 61
217 32
617 78
339 75
675 68
211 100
198 31
577 32
4 59
71 2
609 15
83 6
209 1
943 96
214 1
244 70
69 81
67 48
596 32
327 64
724 26
706 49
175 26
694 36
632 80
610 32
501 15
470 37
407 81
788 70
839 87
314 35
296 27
872 34
442 80
475 18
542 46
63 88
772 83
225 48
228 27
504 29
305 31
401 90
22 43
492 12
502 75
209 79
598 25
837 100
809 30
850 69
117 29
424 23
196 11
105 44
628 77
804 3
615 56
608 94
215 52
786 26
579 11
1 61
831 37
43 3
997 82
443 41
520 39
833 70
461 49
350 72
807 13
419 8
448 45
760 59
880 100
873 69
380 11
743 55
169 23
746 28
818 9
720 86
473 26
456 9
299 6
8 62
961 60
936 61
798 23
690 47
642 5
452 43
534 83
806 11
791 94
740 18
248 57
506 5
882 95
20 6
231 58
884 35
946 31
946 40
874 82
922 48
689 86
662 57
572 92
629 24
361 73
113 89
273 59
701 42
29 20
167 42
118 96
817 4
312 16
913 51
180 93
503 24
208 95
873 74
524 89
867 1
384 86
959 35
969 28
334 49
336 3
633 21
554 29
535 61
333 85
715 52
534 91
272 58
803 74
922 16
769 61
418 81
393 15
193 50
591 52
839 5
113 100
380 58
540 50
716 32
883 10
994 62
247 86
463 38
598 51
928 49
441 94
333 85
25 93
244 13
194 59
626 90
961 8
691 1
206 100
308 28
22 50
79 67
641 56
602 28
964 99
647 98
645 93
579 84
209 20
536 31
986 14
64 59
373 71
192 10
702 39
319 31
576 4
187 82
564 95
302 45
639 67
596 78
583 17
967 22
180 15
545 16
460 65
947 30
319 33
291 37
476 17
42 81
634 48
849 84
574 99
769 79
186 82
316 81
231 97
482 45
531 93
498 71
721 71
877 12
582 62
582 21
493 18
768 15
897 96
871 95
736 85
559 9
874 69
84 23
541 76
281 50
155 46
565 75
368 76
988 26
657 26
126 36
394 30
988 42
324 41
382 75
449 92
150 56
430 67
123 12
955 15
890 68
4 6
634 60
493 20
955 36
151 12
185 15
796 59
979 50
307 76
350 97
383 50
982 45
308 45
513 69
364 75
248 29
729 87
55 62
995 92
603 19
777 45
958 63
824 17
615 24
977 65
272 83
750 62
293 65
323 70
76 7
829 8
251 54
651 23
229 100
967 23
311 84
146 69
732 59
258 9
580 30
953 9
602 96
576 28
505 95
839 80
941 89
636 43
707 55
187 90
617 41
276 46
417 45
18 82
445 79
694 55
935 31
2 40
421 20
845 92
852 95
920 56
603 78
836 78
658 31
898 19
959 37
749 36
10 95
732 66
366 80
594 64
164 60
257 44
421 81
265 85
163 54
176 62
374 23
200 70
9 94
85 31
732 69
718 8
304 47
18 71
727 86
177 76
891 13
870 6
512 43
35 86
322 89
89 22
151 35
74 15
560 63
700 50
50 68
9 7
361 72
444 82
182 80
22 98
962 6
311 90
348 61
316 28
655 51
673 32
588 15
817 60
369 37
623 43
531 81
106 39
358 84
512 34
595 85
499 45
828 71
635 21
303 38
508 43
650 80
208 30
412 15
437 88
458 67
215 16
391 31
76 15
472 41
975 9
868 50
38 14
741 56
568 19
224 48
866 53
720 49
652 3
558 57
392 20
197 92
132 10
528 18
287 79
248 21
460 18
462 73
926 67
487 7
981 32
330 70
284 20
420 3
911 67
203 97
690 3
