400
400
480 94
511 64
449 88
627 91
755 28
432 36
47 5
817 84
606 88
508 61
337 78
937 4
237 98
579 20
672 48
394 5
79 20
560 22
700 22
892 64
911 13
554 84
43 5
769 35
101 78
849 33
287 42
485 19
134 99
9 63
190 58
197 55
960 72
879 61
749 24
673 54
467 33
961 50
687 89
608 51
25 50
888 86
474 58
486 4
324 29
262 28
422 7
891 16
739 98
517 45
358 92
837 12
272 92
690 63
302 21
976 54
501 30
194 95
596 67
428 92
373 92
711 23
872 69
977 69
444 85
530 2
381 7
862 19
255 9
953 8
702 41
426 79
701 6
851 88
185 44
533 30
845 79
557 98
474 80
450 54
385 77
237 34
772 95
974 5
828 63
211 24
329 54
627 41
397 31
39 62
210 77
525 66
527 86
38 5
607 57
383 61
600 36
932 42
555 28
544 8
680 30
639 22
11 65
620 48
65 42
784 78
702 85
172 40
840 100
609 81
838 57
234 22
424 94
845 30
888 48
842 83
54 6
82 11
341 7
691 62
798 99
87 60
874 86
189 31
890 35
252 59
35 87
686 13
793 18
943 42
896 100
345 54
537 83
107 71
322 49
148 45
222 31
658 30
431 91
818 85
397 76
460 13
729 82
171 94
478 71
762 65
30 51
983 84
423 69
981 65
632 7
645 42
451 52
503 29
601 24
416 33
834 93
70 4
852 45
69 11
126 12
899 80
253 61
452 70
499 21
206 98
320 44
334 62
857 35
886 45
124 100
27 96
424 57
621 45
887 28
313 38
938 57
755 41
66 4
358 4
662 47
533 24
287 15
994 91
653 55
400 24
880 46
224 68
328 49
522 61
107 87
744 57
814 98
713 81
992 23
793 92
847 84
889 6
853 16
947 80
710 84
368 94
534 10
408 72
636 15
875 75
100 74
724 49
798 84
318 90
825 10
47 13
253 86
205 40
167 1
876 72
593 80
359 33
725 10
441 17
707 53
839 39
866 85
437 2
151 66
240 21
786 95
513 13
720 49
850 83
672 60
153 19
388 20
682 81
866 75
469 30
694 16
150 89
547 78
654 11
279 22
861 36
966 40
972 55
388 78
414 4
933 30
68 10
571 98
108 53
106 98
520 91
920 73
630 79
607 54
406 59
380 81
244 86
732 96
765 77
148 19
166 88
790 3
356 4
391 56
428 46
695 83
79 28
486 70
582 75
996 44
227 58
435 90
181 71
92 15
830 9
30 30
367 100
924 48
993 85
495 92
421 48
332 73
794 19
960 66
653 38
889 57
599 77
78 27
617 83
876 44
896 42
381 56
977 26
429 87
940 27
126 89
869 42
495 81
497 45
158 90
585 66
772 68
350 54
769 93
60 25
892 23
789 36
563 98
967 91
789 18
695 42
742 80
145 56
156 53
240 30
498 24
853 25
767 3
658 19
145 53
746 52
335 16
88 90
266 97
91 38
6 86
542 30
276 65
895 34
773 67
27 100
302 11
196 50
176 57
796 46
857 19
555 12
134 86
24 27
238 2
857 13
546 9
759 98
262 40
241 60
664 26
645 21
363 79
992 13
210 76
661 76
883 56
667 23
463 83
136 96
201 98
683 54
646 18
160 27
518 5
922 10
526 27
102 10
25 93
843 26
416 33
334 3
255 6
999 13
705 58
986 22
515 48
831 47
331 10
269 63
851 37
71 52
749 46
41 27
806 49
680 65
108 30
876 11
293 18
868 7
994 100
82 93
320 82
190 29
25 16
191 15
246 51
550 63
298 21
574 23
518 38
709 6
106 98
167 62
