400
400
288 7
379 38
464 94
690 48
369 44
513 7
36 69
332 1
77 40
352 45
346 1
550 55
598 61
72 94
870 68
490 27
764 56
317 15
833 56
559 96
193 17
748 18
200 13
680 44
723 62
506 89
614 41
572 42
582 93
168 49
825 22
164 97
224 99
846 15
661 19
170 70
393 81
394 69
782 96
789 8
540 82
391 99
582 25
93 98
893 56
127 19
642 24
945 96
484 4
693 27
38 100
881 31
911 31
160 97
867 45
275 13
223 16
136 25
626 71
436 74
282 41
618 85
761 51
165 62
774 27
453 76
747 91
159 82
334 70
302 66
431 50
84 70
729 49
882 27
339 2
884 60
686 18
624 35
296 31
909 63
614 59
672 77
467 85
233 44
87 4
218 89
712 81
226 23
481 88
593 11
649 27
187 49
724 24
433 35
163 22
756 2
802 62
614 76
613 43
852 81
17 67
848 24
831 7
664 73
345 60
738 91
811 16
295 54
790 31
348 63
298 6
669 72
19 67
38 39
748 44
385 78
11 42
573 56
1 16
976 5
567 18
996 2
113 16
678 69
203 82
14 98
369 10
980 53
584 90
301 68
180 38
557 86
286 72
684 73
486 56
68 25
824 10
385 81
143 86
189 43
679 80
59 26
484 93
231 76
41 14
93 12
39 60
359 87
525 90
696 97
17 12
671 81
331 26
944 99
429 67
596 5
314 87
733 28
398 48
992 60
677 50
265 49
806 26
899 2
508 78
774 66
601 58
892 55
400 74
269 18
757 40
659 51
827 27
762 14
998 29
792 8
252 84
855 57
787 90
614 45
505 6
349 33
930 84
654 8
570 50
135 67
565 34
675 29
239 88
539 59
80 7
258 35
484 6
764 49
348 44
388 8
470 82
86 13
132 42
351 16
679 13
895 96
61 60
439 29
57 91
268 12
104 24
672 76
60 93
431 10
163 43
484 15
704 81
848 8
135 89
349 80
936 38
308 71
180 95
988 88
520 26
935 91
69 2
158 88
130 48
782 40
354 40
21 35
855 2
286 5
39 74
662 94
179 73
87 49
572 74
472 32
428 56
577 85
884 93
567 59
915 88
413 96
344 64
674 4
256 19
917 82
393 42
444 92
172 45
650 16
397 52
487 71
278 48
218 86
738 61
927 88
12 46
427 40
81 6
392 47
470 43
397 55
338 84
991 16
809 64
253 96
493 79
268 72
471 71
429 51
288 57
176 59
616 54
670 26
448 47
594 74
540 32
601 81
935 82
498 12
803 17
369 42
689 38
938 78
295 23
37 5
443 20
692 56
118 52
423 38
784 90
575 23
624 35
278 49
426 60
436 43
360 70
599 95
654 36
85 77
370 36
286 1
928 22
813 20
29 29
728 46
770 1
916 82
19 37
449 19
538 24
248 55
113 64
507 96
62 20
654 73
232 96
738 72
626 24
556 57
413 62
850 35
832 55
57 39
511 15
784 5
375 93
715 14
481 8
241 24
758 35
706 95
50 69
522 69
117 24
307 69
531 11
638 71
269 19
484 3
591 98
809 12
987 65
697 41
552 33
422 23
443 1
519 85
376 28
154 63
841 31
359 87
708 64
90 51
18 64
331 70
167 91
911 13
485 2
798 86
53 81
738 41
954 12
335 89
247 26
999 69
79 44
898 39
57 49
853 94
522 11
81 76
654 49
231 16
181 64
781 34
942 68
687 77
80 48
607 23
625 56
245 26
664 92
366 83
623 25
856 45
456 65
523 60
752 7
413 13
868 85
888 63
905 44
601 43
20 27
304 77
214 20
389 19
672 31
796 12
