400
400
957 83
230 14
448 70
375 97
514 65
460 94
649 72
660 37
313 53
359 19
704 73
335 34
673 42
519 59
278 21
937 36
467 23
709 12
123 95
969 28
395 14
34 60
448 35
520 13
123 30
103 14
33 68
146 33
375 10
616 4
588 93
545 76
878 44
650 37
128 1
551 77
325 28
295 34
184 83
694 78
432 36
768 93
330 47
191 91
518 42
916 81
934 21
978 59
298 93
157 90
772 45
232 6
719 36
440 32
975 19
7 18
497 82
160 82
659 100
113 74
1000 33
828 39
358 69
558 74
441 54
643 89
987 74
496 63
459 76
433 96
712 53
954 92
272 39
336 19
38 80
282 13
976 36
590 53
389 93
213 17
985 29
990 11
935 21
398 99
558 40
874 28
201 88
763 48
297 81
674 65
457 71
728 93
188 28
99 27
394 7
474 61
282 2
537 85
713 16
602 18
627 83
453 74
737 28
497 51
804 4
251 88
582 33
81 1
954 69
877 96
162 34
36 29
253 41
692 33
461 6
170 83
205 58
439 46
873 20
664 42
652 49
390 90
198 81
746 80
625 46
101 70
97 58
596 2
442 83
250 56
236 48
962 53
225 6
367 66
344 2
301 10
678 95
869 51
324 70
337 17
846 66
511 49
783 88
362 51
1000 33
908 95
997 95
82 77
120 77
228 15
204 80
428 86
153 70
666 63
111 97
118 75
389 59
553 48
796 63
258 78
104 49
259 23
105 21
725 53
88 21
803 33
616 32
957 33
988 84
306 14
260 78
817 10
468 49
602 64
6 64
899 52
287 76
490 10
149 47
435 65
188 2
254 43
887 78
503 18
640 89
216 14
157 6
92 80
125 69
617 79
56 4
349 58
575 3
488 81
740 38
206 82
654 33
434 38
458 60
208 100
286 89
333 50
521 66
774 21
508 29
272 2
960 50
832 11
207 41
475 29
858 12
784 97
546 27
128 43
578 49
17 50
250 55
386 97
948 36
227 78
807 73
182 41
269 96
730 68
849 17
531 71
5 16
607 22
210 60
929 65
208 91
328 39
793 89
849 33
334 99
949 100
440 89
358 17
642 82
900 35
325 69
389 89
560 66
450 52
917 28
133 47
845 57
129 66
892 66
771 84
143 64
825 55
747 25
419 52
876 17
746 10
393 32
507 31
605 22
21 22
202 47
303 99
716 28
530 51
554 18
167 89
232 10
699 43
660 41
497 83
665 11
614 94
924 6
222 44
739 14
555 75
406 93
827 3
888 59
155 98
686 36
601 73
174 47
367 82
646 83
365 12
747 53
86 19
346 53
870 3
939 75
775 27
934 31
773 15
998 47
956 90
564 13
45 83
336 27
313 5
183 72
200 57
585 41
230 39
320 77
155 75
373 69
448 39
124 92
581 59
104 93
567 33
379 51
202 96
202 17
769 50
700 40
643 24
358 95
273 95
765 41
316 38
653 92
436 70
597 47
124 83
866 64
558 4
774 76
356 9
330 24
231 20
311 65
894 97
603 82
695 88
911 18
101 24
760 63
423 13
756 32
580 60
875 71
646 21
133 25
274 19
778 41
637 81
617 10
793 22
926 99
663 88
969 38
760 42
271 13
225 81
128 64
532 51
366 61
703 82
241 15
606 33
117 71
997 64
1000 7
154 46
37 89
587 71
233 13
76 43
216 74
664 67
805 8
26 12
209 14
14 18
302 98
979 50
880 28
489 8
285 29
971 70
571 50
202 23
212 78
359 32
988 81
625 11
187 11
758 48
10 27
412 5
129 59
973 9
34 34
233 59
958 60
729 61
14 41
399 75
