400
400
791 46
859 35
372 25
431 1
330 37
271 92
277 40
593 80
607 34
621 40
104 53
509 65
779 62
853 100
689 8
182 3
313 95
754 74
699 54
664 6
209 43
229 56
254 1
116 73
556 78
1 28
214 44
157 12
648 24
670 2
256 100
517 38
83 36
56 41
422 60
230 78
98 53
154 27
686 97
872 22
39 38
929 85
173 8
227 30
916 77
441 12
888 98
881 50
57 80
371 21
280 2
233 76
30 61
127 48
454 49
139 66
489 31
638 94
713 94
244 12
503 8
913 58
538 83
770 90
494 95
119 9
658 63
644 63
911 45
634 36
832 46
725 82
32 48
636 72
292 28
887 32
121 39
217 40
229 13
79 54
785 45
602 34
109 30
793 1
497 12
878 88
19 62
692 95
235 42
931 23
15 26
158 16
82 13
492 29
895 47
453 41
512 56
364 32
917 26
33 54
503 47
484 42
515 47
358 34
107 66
622 4
815 65
974 35
4 52
890 35
933 90
24 13
600 12
661 45
552 65
996 51
953 82
483 67
122 5
7 98
735 45
321 72
873 49
557 6
207 33
213 87
133 33
687 11
397 99
382 95
805 69
804 76
305 89
901 59
375 53
474 24
872 46
588 79
370 42
621 36
281 2
487 48
15 42
123 51
292 15
247 59
709 69
140 14
409 48
808 36
152 2
418 71
957 25
958 49
651 88
948 9
773 64
745 68
979 4
338 88
407 20
471 31
390 18
71 54
690 76
686 34
260 8
920 39
289 48
524 82
296 59
645 85
302 5
934 65
38 77
507 88
806 64
450 71
194 13
426 84
194 81
120 35
946 5
695 21
152 69
706 52
301 74
275 12
64 63
415 13
290 62
86 2
453 4
813 40
564 74
195 46
120 5
367 4
413 3
671 97
36 18
198 37
648 22
3 11
88 88
338 99
8 85
79 62
56 86
363 72
465 38
871 74
902 47
874 51
766 69
859 17
870 4
337 15
232 12
299 50
473 18
732 32
148 10
396 90
241 78
718 88
656 90
147 16
192 19
429 59
876 32
778 55
440 73
146 29
57 92
984 23
330 95
938 71
218 63
652 39
918 45
872 76
519 31
581 95
291 49
976 49
975 11
385 40
33 18
507 50
88 58
388 78
782 91
251 10
639 21
109 50
561 5
46 57
58 84
737 39
396 86
969 68
693 80
873 14
613 65
850 68
493 54
932 3
231 20
197 56
488 38
403 87
117 88
626 4
652 76
761 6
3 20
484 33
373 15
382 95
164 98
749 98
767 38
323 80
488 57
361 36
302 82
677 79
702 59
809 81
835 42
979 47
159 19
405 45
587 43
275 62
401 33
636 12
380 97
506 14
46 61
585 62
444 23
834 5
281 93
897 6
280 80
814 86
839 19
279 66
410 99
99 66
480 84
331 11
981 4
920 3
169 70
715 78
42 60
320 14
357 17
439 79
516 6
937 62
714 53
595 25
509 3
317 39
542 21
593 32
314 60
965 81
858 31
705 42
756 60
571 56
262 72
745 35
467 17
151 82
947 79
940 8
751 20
400 78
975 93
977 31
636 49
904 40
985 74
682 38
344 75
799 43
985 59
105 24
487 4
181 64
17 15
855 45
919 60
620 53
337 5
653 97
732 9
118 64
697 8
383 12
40 54
900 25
34 45
780 49
285 65
729 82
477 52
412 6
537 61
425 13
957 51
404 64
757 40
73 41
63 68
656 19
910 63
472 51
553 33
549 89
69 80
151 81
511 41
548 83
755 23
773 82
71 24
898 93
837 86
72 11
501 99
37 67
323 35
927 72
