800
800
965 136
698 69
981 11
216 126
614 36
265 96
635 178
499 197
171 156
667 194
893 10
16 51
953 139
993 84
265 10
539 62
334 25
584 134
883 105
897 104
163 159
678 167
241 11
815 176
512 124
963 81
156 160
639 88
575 88
997 45
742 169
897 125
122 117
358 164
739 115
194 156
467 145
295 177
270 54
89 142
326 194
557 142
435 120
619 63
435 1
174 164
647 181
95 67
907 194
134 18
257 13
776 171
838 109
486 78
917 68
390 98
656 45
315 20
140 177
368 144
511 18
239 136
123 24
235 16
575 167
128 32
950 123
455 33
925 15
515 33
351 107
586 143
475 83
750 7
237 88
815 3
624 114
227 166
247 1
688 73
524 145
945 97
738 181
564 128
913 45
850 148
216 147
178 16
340 122
853 27
465 171
873 119
177 92
802 170
268 99
114 158
974 132
420 130
298 5
188 31
942 9
198 99
473 118
101 186
833 160
333 69
474 45
630 91
246 116
866 83
47 26
773 79
161 18
161 162
517 180
196 28
11 84
782 47
782 95
500 88
618 104
14 48
863 175
618 103
628 98
831 67
736 35
615 101
328 17
62 124
224 19
7 141
230 108
894 55
919 72
823 32
847 10
305 16
40 181
560 79
850 164
116 66
637 183
705 174
958 180
741 75
13 156
592 14
124 26
159 95
443 68
698 41
74 149
170 93
568 88
325 78
134 1
611 170
852 23
805 1
837 68
428 191
195 7
262 48
454 121
282 175
624 11
716 180
894 76
876 8
999 200
208 133
695 59
9 145
410 168
702 162
904 111
12 27
810 197
492 78
442 114
496 140
278 89
293 64
932 152
840 168
761 40
290 95
565 6
734 179
505 123
626 186
203 182
55 78
401 110
35 39
389 96
668 125
95 187
56 172
443 173
870 104
10 110
602 83
162 20
309 157
200 46
572 69
393 80
707 137
262 82
389 50
278 69
406 71
237 101
425 183
270 155
518 163
2 159
823 2
244 10
607 138
186 39
376 127
21 88
223 199
44 107
130 2
459 15
365 30
62 92
54 181
478 80
117 112
410 191
30 54
619 74
23 43
970 128
947 55
811 43
938 6
305 73
219 153
685 97
66 36
434 97
160 198
774 22
918 132
347 200
772 63
365 140
866 43
398 143
714 131
336 37
291 75
885 137
489 92
807 132
259 117
949 152
447 98
496 183
71 119
789 21
584 30
947 178
748 61
160 163
756 88
3 184
84 105
410 108
188 23
995 179
842 183
791 194
33 136
338 19
348 178
287 66
983 171
113 58
472 98
691 159
844 20
556 197
781 78
33 98
819 195
561 112
876 37
454 66
262 173
358 64
366 21
741 83
517 195
735 144
993 37
688 137
17 157
46 96
676 20
851 28
705 95
218 130
387 108
810 167
959 43
821 102
322 196
941 187
96 80
378 194
67 166
167 163
689 38
909 53
234 72
702 28
367 13
225 109
535 84
754 161
26 141
616 122
492 96
694 73
400 76
384 116
239 82
57 184
966 25
494 113
354 83
410 53
918 25
265 109
62 84
196 49
445 78
721 179
992 195
968 129
295 138
531 32
350 127
835 63
401 163
809 119
766 164
820 108
907 23
906 102
974 10
630 149
117 171
33 37
354 163
655 197
505 147
254 46
712 16
546 8
959 150
763 83
957 185
953 188
487 195
13 31
161 180
630 125
598 4
652 137
418 116
110 5
805 18
303 155
542 18
208 64
682 60
995 57
320 102
249 191
655 96
832 99
316 13
765 74
36 1
844 70
294 64
360 178
949 91
153 38
944 128
503 16
473 107
822 196
777 26
266 146
652 63
461 111
918 116
728 114
935 34
979 114
514 65
846 37
748 22
431 46
621 141
64 3
383 198
52 47
438 15
658 176
910 59
459 52
434 144
509 12
677 133
629 139
224 98
962 163
817 168
860 113
591 132
137 139
870 55
80 104
956 59
939 127
752 113
194 34
712 124
632 77
251 104
708 10
220 72
973 198
375 66
400 157
793 39
359 31
52 171
922 91
275 132
979 39
315 21
250 75
623 169
2 116
133 158
93 160
246 158
369 192
898 57
684 152
782 126
570 85
731 54
533 124
921 31
582 126
9 118
822 131
378 59
844 133
692 154
787 194
411 141
129 193
795 162
269 121
833 149
253 43
681 124
274 139
267 81
480 122
780 163
746 69
522 71
741 130
208 166
602 44
344 60
237 65
796 145
874 28
428 34
131 172
52 174
425 50
696 198
945 85
578 134
808 131
587 135
10 71
9 52
408 31
61 124
431 57
746 128
937 67
534 4
831 163
190 111
806 169
825 108
285 124
621 25
835 157
242 97
399 171
453 92
954 73
305 109
861 12
766 38
45 101
348 156
408 58
146 29
902 4
113 193
930 87
548 36
463 105
884 139
990 85
299 91
380 99
552 199
527 61
70 151
630 130
517 1
39 97
467 50
100 199
685 16
616 190
691 58
475 163
677 180
155 141
353 78
363 102
947 124
19 68
845 100
178 24
268 11
660 55
423 154
584 197
862 199
661 166
224 90
290 87
493 33
171 39
950 169
971 172
875 5
666 162
412 82
139 5
56 14
772 32
738 52
157 98
484 104
828 152
796 48
420 169
711 178
332 67
671 49
112 57
393 129
584 84
168 48
388 101
577 144
981 43
181 89
225 16
261 88
309 136
352 109
16 61
266 197
580 184
931 167
668 82
683 101
63 14
149 88
452 81
292 161
131 88
716 148
12 6
438 159
50 171
85 103
595 119
2 132
827 94
553 132
378 150
234 41
277 170
320 53
288 57
835 16
989 36
1000 8
856 32
376 129
850 150
576 154
853 77
999 116
463 67
338 187
904 27
306 172
320 59
602 166
522 159
86 150
507 54
151 177
703 165
945 68
395 77
399 180
102 83
993 116
322 137
251 47
726 116
984 181
296 108
252 136
140 171
73 150
991 138
892 87
262 46
630 198
194 107
843 105
464 42
517 170
705 22
918 34
281 159
711 82
394 1
628 172
583 62
199 198
850 153
689 196
194 101
797 127
336 91
382 112
475 60
553 38
127 79
536 92
191 164
32 178
105 154
905 100
210 93
442 55
809 98
199 198
481 26
278 104
224 93
301 195
525 111
520 121
691 196
682 73
624 14
177 81
353 168
59 126
282 134
596 56
240 33
136 168
529 198
757 65
556 11
546 183
176 157
280 49
13 141
926 177
960 81
43 189
318 150
944 90
100 126
82 18
34 61
811 147
289 179
54 30
668 28
428 23
572 127
991 93
260 138
980 53
44 56
499 92
109 165
839 194
739 45
233 159
784 119
770 115
808 24
254 192
574 66
358 185
547 162
328 132
346 86
74 79
902 145
831 188
549 115
64 114
645 105
482 186
393 19
193 71
165 101
162 44
192 103
101 77
572 180
994 31
854 108
625 120
624 152
665 153
628 118
280 152
880 176
717 27
462 195
687 52
940 63
394 7
501 169
861 33
188 164
413 2
6 8
815 114
619 78
481 161
777 38
653 51
243 79
511 111
203 129
503 139
873 6
563 120
858 62
258 113
816 43
912 186
954 193
814 151
93 112
775 193
41 197
837 191
950 100
40 146
523 67
727 150
