800
800
34 131
218 49
142 94
678 71
180 131
516 171
964 45
570 179
927 123
322 54
476 81
852 172
516 46
541 46
94 169
192 164
411 70
217 147
174 60
448 13
210 29
337 58
414 136
543 178
247 28
411 147
207 12
135 164
892 127
523 54
598 104
760 200
979 50
317 77
755 147
789 131
283 70
572 50
455 167
228 37
723 25
162 158
897 125
395 87
288 149
432 29
811 125
393 38
701 62
431 8
937 189
372 174
326 57
654 144
451 129
567 32
950 16
617 68
505 63
268 107
451 32
172 46
832 194
795 79
984 30
955 178
123 25
750 176
797 112
987 34
246 32
900 149
754 74
71 187
103 170
224 56
253 187
414 124
493 120
728 122
945 46
255 200
120 156
35 178
985 11
947 142
737 6
703 160
702 129
501 49
977 109
620 145
809 167
855 64
888 23
867 69
218 151
989 166
548 167
193 70
929 21
176 175
404 13
925 3
250 164
311 13
769 165
524 184
759 37
702 102
536 100
106 51
747 155
926 12
574 4
862 27
509 167
890 152
632 192
716 9
97 6
995 7
541 8
486 146
913 164
755 33
313 60
45 150
757 196
728 66
329 138
98 74
557 59
197 119
108 185
302 25
310 95
252 180
905 39
29 33
280 1
792 100
254 134
453 16
333 133
440 84
725 166
218 69
522 151
34 153
884 30
618 197
406 47
34 163
500 184
16 167
206 56
482 175
913 4
896 124
977 97
845 186
570 190
834 179
979 178
423 87
337 13
222 76
156 115
67 112
481 71
625 131
422 150
691 196
361 8
652 71
306 196
705 7
730 94
356 106
601 12
805 151
840 1
347 99
511 16
629 131
677 106
745 145
779 137
939 41
475 19
174 47
940 137
566 10
69 35
50 76
806 102
79 129
346 187
498 22
55 73
591 200
779 173
628 100
960 181
212 78
309 134
69 178
723 49
150 3
914 24
690 19
107 30
294 69
578 56
731 144
496 184
158 44
478 12
834 68
650 73
571 22
896 14
52 188
556 53
54 150
356 79
967 115
567 170
147 48
160 80
929 3
439 159
630 135
994 172
361 53
230 14
409 115
178 193
673 66
160 75
820 7
221 170
217 51
254 128
76 6
174 103
499 69
20 19
768 138
555 2
983 133
12 85
262 86
547 162
812 111
573 27
892 194
31 102
284 72
386 149
409 109
506 116
454 91
858 17
933 154
907 122
448 3
521 197
304 79
816 58
578 182
241 169
732 184
504 154
972 69
950 132
976 138
245 75
586 88
932 51
542 108
270 98
101 9
729 84
99 99
228 126
502 6
753 147
421 170
162 20
23 68
537 162
189 57
415 121
78 33
627 117
47 169
173 198
813 142
596 172
253 166
371 58
602 32
211 25
75 98
579 59
273 189
106 160
662 106
206 46
720 40
446 66
845 47
927 31
398 164
39 137
747 45
742 150
867 44
316 150
215 37
460 43
322 112
573 56
826 29
376 61
652 123
455 111
391 66
486 186
826 151
700 186
573 179
872 130
859 178
298 166
852 103
334 180
2 77
698 166
664 79
716 105
554 3
864 101
615 52
302 27
42 69
650 130
658 168
956 11
409 11
969 123
217 106
560 3
848 11
994 37
826 120
120 158
213 59
868 60
169 159
135 52
878 102
741 11
356 25
382 40
156 188
37 59
615 104
145 174
107 32
929 26
141 21
710 79
658 95
695 152
121 85
136 133
254 136
574 95
266 17
711 160
691 167
500 28
685 145
428 144
642 193
870 100
377 94
463 122
877 47
458 130
533 75
52 159
799 38
827 154
626 55
256 175
778 107
48 124
759 100
325 56
158 184
7 115
800 50
691 165
650 179
469 194
439 101
265 5
261 190
13 102
259 107
912 5
76 141
959 108
905 194
420 139
978 39
640 108
50 61
582 186
204 64
492 92
982 46
107 76
397 136
735 101
592 116
860 139
498 56
698 190
760 4
870 65
574 105
419 53
559 124
190 93
535 22
262 121
101 144
753 12
349 188
387 71
782 10
114 175
94 4
736 145
757 37
803 127
427 58
185 50
966 108
225 176
752 66
658 185
331 131
365 8
127 142
257 134
338 172
696 174
979 110
226 117
447 145
874 75
61 154
610 1
199 184
528 87
608 183
856 133
985 161
348 181
385 21
755 1
85 45
1 6
857 120
65 164
278 93
989 75
655 106
860 68
48 11
84 28
251 112
314 8
330 87
489 178
592 51
592 127
339 58
263 30
963 35
179 66
7 94
346 175
408 9
498 34
149 144
785 136
930 165
376 130
522 160
594 7
963 146
283 148
360 17
494 136
154 13
614 178
487 86
78 160
780 149
272 175
398 9
657 125
911 54
214 180
374 96
427 180
893 182
211 155
972 132
878 28
918 189
408 82
582 110
592 21
233 175
548 84
360 132
532 133
891 135
393 156
410 45
456 166
461 181
462 69
17 89
335 115
133 110
299 155
173 117
822 21
152 15
421 195
662 137
927 167
88 177
665 68
427 35
595 10
314 10
47 181
709 181
721 138
288 76
211 15
261 60
626 20
429 23
355 2
322 189
982 186
430 73
307 116
226 124
368 141
322 74
59 59
466 179
48 122
513 175
91 135
868 145
828 199
530 12
132 146
789 73
369 88
436 12
153 87
43 24
147 66
568 151
158 101
350 139
721 80
829 188
308 195
649 121
545 102
289 60
443 54
857 128
761 51
970 137
937 96
705 174
798 22
529 14
555 115
374 131
458 33
724 129
722 49
389 161
514 126
752 100
606 41
429 186
747 199
512 172
683 132
544 177
830 106
906 180
241 123
700 65
413 169
1 115
682 26
728 121
554 100
698 24
121 196
195 154
486 8
347 39
330 143
213 19
494 69
637 90
607 122
276 138
282 85
148 38
811 140
190 155
35 16
294 86
724 187
686 195
681 85
908 78
576 59
412 81
940 65
577 95
544 108
667 198
421 19
751 198
775 97
907 181
331 67
216 191
624 136
901 58
508 91
554 12
351 154
157 116
711 176
218 99
289 168
68 50
598 23
705 197
482 137
968 102
779 91
175 7
376 58
65 71
870 157
649 76
195 24
96 160
856 69
52 173
690 63
125 193
473 131
659 42
573 135
555 55
605 169
457 35
119 126
448 119
929 100
16 185
907 16
580 55
360 22
944 87
57 56
266 14
342 163
371 14
986 120
61 126
844 72
96 124
383 25
171 103
670 90
502 130
732 92
68 118
514 68
159 112
939 67
57 169
198 121
793 50
305 15
17 27
893 171
198 141
185 144
274 114
99 132
999 63
427 5
716 34
209 151
980 117
229 20
570 1
706 185
231 13
983 17
735 199
21 65
654 189
560 177
171 140
202 37
773 112
131 65
796 44
393 183
26 16
627 155
268 138
133 146
871 55
32 138
545 81
556 50
729 129
576 70
311 13
530 26
971 13
870 169
737 158
650 135
898 132
410 63
987 114
746 51
854 198
721 108
1 123
870 62
702 178
1000 1
109 97
336 69
69 8
962 109
87 27
197 65
776 141
739 90
41 101
551 115
389 111
616 183
953 105
642 84
379 138
567 74
461 63
872 195
67 138
948 34
823 130
185 159
815 68
742 67
319 157
471 140
532 107
