800
800
308 90
52 165
444 60
720 116
34 143
114 91
820 113
12 151
647 92
233 73
73 27
561 111
345 40
317 111
165 135
232 130
481 114
355 161
540 131
431 99
351 149
378 119
86 3
361 180
731 131
536 152
184 138
135 69
72 57
729 23
462 49
392 24
208 180
836 51
145 29
531 150
50 139
250 185
332 110
516 118
844 167
700 63
171 56
583 51
878 89
63 48
145 17
21 144
51 64
364 31
240 190
87 49
991 13
439 22
802 93
295 106
783 181
234 185
338 130
488 179
381 114
258 119
748 32
570 3
362 161
609 1
922 142
348 80
532 99
484 157
279 53
275 181
6 134
243 111
288 4
373 49
149 7
5 50
642 12
345 102
960 38
892 164
948 133
980 63
117 181
410 130
940 42
810 54
407 145
456 122
283 33
395 74
519 131
666 138
261 127
954 140
14 199
491 13
298 9
114 59
363 134
280 40
676 16
871 162
564 199
831 132
492 48
133 80
204 91
205 121
772 89
486 17
405 119
140 149
722 34
946 146
668 125
518 50
38 11
133 159
232 54
198 27
89 7
904 5
628 32
972 106
262 147
641 130
923 172
767 54
141 141
589 169
518 125
706 102
134 120
583 7
871 67
687 62
82 6
890 49
662 87
543 41
91 61
117 19
517 2
456 29
949 161
682 95
557 5
611 55
148 194
159 113
965 169
565 108
110 21
341 70
61 175
598 190
872 119
47 135
419 123
655 168
990 88
796 187
313 151
523 1
598 111
798 192
658 105
973 37
202 137
837 153
225 124
874 98
397 73
281 70
824 121
246 68
476 95
992 79
48 173
299 142
33 125
707 64
97 37
534 34
56 175
802 13
210 96
409 95
643 48
71 70
831 152
504 151
172 137
624 103
828 139
599 134
762 67
906 145
708 22
82 170
142 38
327 162
475 28
122 167
957 162
182 21
952 194
622 119
578 114
193 3
735 57
765 17
976 112
770 61
79 166
406 78
835 147
729 72
281 95
267 98
22 140
162 25
629 33
293 78
652 191
794 198
400 63
281 31
212 177
212 62
780 155
522 115
83 71
892 84
341 166
811 154
486 26
852 153
405 62
428 17
853 41
512 3
946 96
178 52
44 128
536 67
640 189
114 166
382 83
797 56
650 177
868 114
134 135
81 167
928 91
823 131
938 12
284 187
620 12
81 149
943 40
87 43
53 119
570 166
314 175
555 61
910 100
751 164
390 155
438 146
216 105
697 76
458 31
341 40
13 176
977 10
286 165
146 118
465 172
789 29
851 122
310 120
122 196
720 157
137 19
895 113
948 122
660 138
420 154
745 131
601 177
175 166
801 49
424 66
846 190
847 31
938 56
940 72
107 34
455 53
734 17
32 109
54 119
341 27
599 28
337 140
238 19
201 41
682 34
271 197
446 36
106 5
523 14
874 72
55 188
537 181
815 111
466 159
316 25
380 19
440 57
986 145
769 28
627 108
266 144
185 87
535 124
103 137
552 79
566 94
759 195
546 129
646 185
748 157
997 102
477 121
726 149
512 178
439 45
649 156
505 26
693 73
487 187
747 179
834 109
655 177
67 108
257 196
371 103
731 24
506 119
212 49
623 154
103 111
518 134
500 9
944 84
898 175
347 29
8 181
246 199
508 168
588 21
381 27
481 41
128 23
427 198
106 200
138 59
433 71
290 91
582 153
495 113
382 118
136 129
921 165
866 163
252 155
134 54
217 151
714 136
111 101
511 165
587 145
324 81
5 85
447 43
859 109
479 108
862 69
298 188
354 169
872 64
938 27
262 4
218 75
83 116
943 75
814 148
715 188
657 85
948 10
152 50
537 59
948 134
777 44
249 90
946 7
928 114
589 128
4 170
646 68
643 183
820 66
571 166
320 108
517 131
102 140
469 167
464 68
157 21
879 128
219 40
877 122
532 130
964 81
758 136
289 34
563 112
513 53
866 180
695 149
394 4
905 122
111 52
929 141
665 22
111 90
431 56
90 68
697 145
168 142
269 118
850 170
72 25
327 162
725 69
478 17
689 33
504 29
938 57
533 97
881 13
246 55
794 195
671 96
417 97
182 147
674 74
72 157
26 135
774 7
918 80
544 8
928 34
137 46
688 192
293 191
120 168
39 169
81 69
147 55
795 146
63 156
311 153
520 40
915 61
821 153
105 63
523 28
875 39
700 187
956 6
186 16
258 102
226 168
563 13
635 96
467 173
774 95
552 163
934 26
95 175
199 150
757 145
527 72
597 127
791 5
67 110
769 167
924 102
110 182
406 50
367 133
311 170
254 59
501 143
217 84
571 35
680 121
409 79
976 5
665 163
388 7
353 200
933 96
325 38
696 154
199 32
2 43
40 25
878 125
900 200
711 73
632 175
867 151
757 104
713 38
763 95
242 142
940 4
215 157
777 176
921 66
61 25
355 191
336 36
195 84
166 171
822 75
1000 153
754 48
889 103
207 38
963 194
857 46
106 4
393 146
655 133
493 179
333 80
218 135
59 24
48 22
982 176
935 164
131 163
959 138
780 139
141 89
801 38
553 167
104 138
518 84
716 86
35 107
738 56
904 117
303 110
152 101
287 170
383 42
818 77
255 28
856 138
103 183
133 167
796 41
991 12
581 34
181 88
971 161
432 55
197 164
274 40
41 160
803 163
503 95
618 47
790 79
687 121
38 67
737 131
691 29
464 31
25 90
917 38
181 68
790 73
810 19
973 170
824 14
494 4
375 62
122 41
609 14
341 1
518 96
943 50
239 157
362 89
955 102
221 78
364 21
773 138
308 48
608 152
568 66
575 39
896 156
71 183
243 43
815 19
383 61
368 172
721 163
275 87
45 179
233 115
742 21
472 166
887 7
616 183
626 94
129 19
461 35
24 128
712 134
945 33
467 75
550 172
538 190
297 136
601 196
93 131
471 98
534 105
47 14
884 55
175 127
529 38
917 124
170 198
912 81
678 105
620 139
539 70
8 182
302 189
822 186
588 16
983 170
29 134
856 36
428 111
692 17
19 31
805 77
495 19
236 37
512 159
551 132
512 125
330 117
648 189
129 154
635 47
158 16
634 38
516 7
950 40
63 19
264 85
952 72
180 121
997 126
54 157
598 19
441 192
837 199
221 73
763 76
829 141
153 64
344 57
841 198
225 139
29 167
912 125
139 60
578 151
607 19
461 22
553 69
235 172
605 183
661 75
284 83
373 55
561 180
112 10
515 37
303 193
178 151
735 99
417 40
448 91
403 155
431 25
945 143
737 164
229 26
443 168
991 192
654 114
944 13
54 26
353 126
545 163
24 51
858 130
759 49
999 4
762 102
345 131
802 179
946 145
328 81
508 94
824 148
514 169
309 189
149 63
785 23
7 85
198 28
729 167
71 19
212 76
886 179
507 88
722 174
836 92
645 37
934 91
10 121
13 92
77 99
343 146
294 180
356 189
403 142
992 3
750 30
597 32
34 190
253 19
821 2
367 11
135 125
486 79
143 133
581 34
772 158
205 98
440 125
83 165
94 83
731 50
184 14
149 16
996 38
715 179
2 184
509 192
950 37
631 29
161 71
494 162
719 106
997 142
878 133
584 189
839 123
410 137
86 155
116 122
692 57
