800
800
545 139
995 97
636 132
902 88
117 118
640 122
253 10
44 50
473 60
956 159
300 131
979 123
160 168
67 33
765 187
121 30
383 137
456 176
4 27
708 51
832 5
11 115
430 174
122 191
918 137
132 125
601 66
331 107
116 182
58 145
621 153
72 36
358 122
28 8
698 58
549 85
6 199
171 65
531 127
67 178
268 46
529 73
764 134
615 187
509 119
399 66
855 153
161 119
531 75
55 82
33 199
895 66
252 190
808 56
975 163
821 156
211 186
98 102
758 196
686 92
188 127
361 39
387 163
712 171
724 171
388 28
905 43
535 38
129 66
172 38
763 50
991 110
119 94
314 52
243 3
266 62
36 126
795 160
41 45
652 102
501 44
662 10
707 114
939 88
688 43
533 64
550 187
530 100
757 109
307 108
557 114
92 57
333 31
18 49
256 50
853 129
34 28
238 173
712 160
405 198
946 54
938 26
115 113
506 25
693 15
997 93
443 131
297 44
727 33
67 4
976 20
869 194
972 121
114 155
761 125
298 177
790 130
513 79
145 74
975 159
567 41
698 103
572 2
478 189
963 82
378 195
579 64
628 73
170 173
347 199
753 159
679 78
505 44
194 147
263 131
980 186
701 171
836 141
455 100
285 35
222 108
637 99
787 69
794 52
551 50
550 176
566 119
39 97
60 53
368 141
733 118
227 123
221 155
315 91
633 173
511 172
363 33
837 183
986 115
469 21
182 35
447 159
334 97
542 74
471 198
859 12
107 26
192 56
133 99
21 163
827 46
661 109
462 159
150 31
567 15
739 75
492 101
373 171
104 179
78 35
858 142
693 131
419 198
879 177
723 146
513 110
41 13
355 87
925 187
998 149
890 27
827 143
132 93
310 139
177 82
934 6
75 66
475 76
637 9
325 150
566 108
50 177
709 45
875 1
707 23
622 145
7 45
182 31
800 49
449 55
714 146
313 6
988 167
469 195
307 63
260 191
947 12
578 56
717 130
498 158
882 20
331 24
499 59
460 109
736 68
371 162
869 184
532 138
111 42
215 63
715 52
771 172
741 122
91 120
481 96
358 193
837 21
260 37
583 191
738 24
687 23
908 159
118 126
98 2
303 130
736 122
977 56
898 187
287 145
299 108
859 146
300 64
28 95
455 40
644 45
919 10
357 107
233 180
502 95
492 87
326 138
341 54
676 114
854 98
674 154
826 59
984 61
727 9
432 168
465 180
13 91
461 139
70 158
523 61
860 139
965 17
436 99
326 68
152 35
161 55
594 88
675 77
351 8
140 189
259 109
88 143
491 95
955 45
308 118
877 107
356 125
49 175
251 164
386 72
675 29
259 174
910 107
64 184
765 193
359 80
795 110
851 141
434 40
860 166
202 105
3 18
488 125
908 50
182 94
211 150
269 199
323 80
351 73
644 189
506 147
547 23
307 66
163 152
536 19
372 57
944 135
214 199
771 169
738 52
453 174
477 81
747 148
915 163
192 171
668 160
368 185
203 125
925 154
717 71
571 41
988 7
204 29
282 26
930 78
166 39
1000 58
893 50
189 91
759 52
783 139
145 32
662 17
824 159
216 36
848 131
198 24
656 162
781 51
778 17
140 12
292 119
547 23
655 180
306 191
677 73
529 59
170 59
562 140
520 193
290 9
245 119
161 142
45 130
472 60
601 137
146 62
783 113
914 99
764 86
523 159
185 181
293 168
151 189
514 52
312 25
227 76
609 84
347 171
223 94
762 131
157 123
529 147
795 65
978 55
850 116
348 40
941 155
839 71
770 147
409 64
941 145
115 68
432 110
115 13
663 166
291 82
102 121
412 64
444 91
957 119
873 140
562 33
728 178
764 116
229 93
378 134
687 158
168 16
366 73
882 165
221 64
738 185
459 72
135 64
294 103
96 154
975 60
716 73
20 175
431 132
184 98
197 13
882 148
655 167
424 196
781 20
828 78
448 177
195 151
373 56
553 126
868 162
960 199
626 146
256 56
72 56
115 42
314 107
608 161
176 148
557 124
435 130
32 106
370 126
111 140
582 154
261 190
709 125
360 126
878 191
719 110
377 152
704 95
419 184
809 62
162 118
649 184
193 107
23 153
344 80
454 66
194 192
809 192
125 3
572 194
135 103
843 125
464 44
872 117
294 20
500 20
435 66
540 141
975 192
587 148
844 81
414 133
431 169
302 118
597 81
887 168
376 29
110 90
750 105
403 63
989 90
825 66
702 177
303 45
757 68
943 162
568 199
890 91
281 27
585 116
42 136
188 132
440 111
845 173
965 72
408 35
190 189
722 97
912 128
842 144
825 93
642 98
156 9
510 66
567 70
555 70
615 16
906 123
294 188
671 86
199 129
399 106
231 109
906 28
439 79
808 91
532 94
825 115
202 139
824 58
69 185
329 179
324 9
977 30
967 122
58 23
575 71
535 39
583 95
213 191
952 52
149 83
81 99
715 170
321 120
565 61
476 197
29 43
320 167
187 152
818 43
707 3
615 115
161 110
568 125
485 89
644 48
505 133
747 157
26 39
380 126
2 3
848 59
773 16
528 59
2 30
793 188
985 94
125 9
481 164
121 167
87 194
394 188
617 119
625 12
856 197
137 12
151 58
555 141
966 127
981 76
594 191
111 48
367 156
397 40
973 114
983 59
903 171
860 77
274 42
255 21
662 175
962 169
59 56
811 3
570 23
596 131
901 58
364 20
85 17
103 40
390 187
718 192
854 47
891 171
260 90
70 142
36 160
498 38
842 193
940 29
214 151
950 30
331 150
259 12
556 104
810 156
48 56
380 97
309 151
38 51
148 1
575 10
514 57
540 11
446 200
135 103
676 70
562 5
201 24
662 148
597 70
70 180
317 77
46 162
404 12
689 181
707 73
615 138
728 132
279 133
665 13
683 113
695 125
337 167
801 116
939 162
204 164
582 178
117 15
517 200
380 101
870 195
103 195
387 101
723 127
865 103
18 83
718 103
750 53
406 153
352 60
718 189
599 160
384 23
596 188
390 68
671 34
645 121
348 61
684 61
504 148
622 30
593 44
313 103
771 23
378 112
291 91
239 8
668 69
423 36
846 155
578 156
369 155
824 70
107 28
533 66
711 35
416 76
23 138
753 31
122 199
217 53
677 47
45 40
892 80
493 105
757 14
632 38
472 124
240 156
868 98
616 35
835 92
381 153
178 28
672 52
845 57
141 18
371 57
765 165
523 25
566 180
936 160
859 166
706 177
841 181
668 176
876 3
802 15
994 181
779 60
908 97
89 41
467 195
906 37
80 83
588 96
232 194
17 131
77 148
866 144
786 167
760 150
938 48
112 140
162 94
387 44
557 12
276 79
716 176
736 185
292 40
342 104
254 159
333 157
80 13
197 15
952 120
408 52
94 35
78 198
883 51
629 38
484 187
36 103
294 8
956 156
8 48
4 113
739 21
626 164
878 192
151 143
176 19
645 28
500 85
989 78
632 114
408 85
127 200
491 111
668 87
176 116
699 33
614 72
182 109
610 162
514 157
886 105
712 5
638 52
447 4
723 11
607 192
879 36
740 9
916 32
754 160
744 171
414 17
679 84
935 14
657 100
607 156
909 87
599 174
638 97
670 102
599 67
