800
800
505 125
199 15
931 61
594 171
256 126
561 117
962 75
751 10
156 167
754 135
819 12
517 35
263 78
396 5
264 113
641 92
632 57
998 73
436 40
285 176
763 51
765 26
362 48
766 171
950 152
470 3
237 96
722 12
163 199
716 140
259 70
475 81
967 79
989 154
338 98
223 166
577 46
763 30
97 31
69 167
902 165
576 38
798 66
157 128
253 199
644 158
940 43
101 122
944 83
277 56
49 166
479 108
635 64
892 59
437 80
476 79
716 96
732 31
246 128
406 81
812 51
842 67
635 121
740 65
649 40
131 75
177 121
75 190
644 5
931 33
369 134
990 122
368 166
603 25
228 99
72 82
924 187
53 10
584 70
848 58
201 106
103 135
241 6
278 58
376 58
328 86
644 7
808 78
539 37
994 79
344 106
986 55
235 169
552 199
170 85
561 46
301 130
875 116
958 83
918 131
635 191
952 90
715 186
976 128
39 105
741 152
627 184
436 123
560 127
398 139
280 90
568 32
718 105
758 135
242 98
780 37
440 28
392 149
842 5
569 187
565 189
437 165
518 100
895 132
797 176
414 114
597 161
280 84
111 146
760 33
154 64
359 12
537 100
776 112
173 97
38 120
784 198
587 6
36 189
308 127
159 17
499 88
821 148
612 29
125 172
132 56
996 65
545 30
486 100
182 70
117 154
975 83
918 192
53 95
731 26
357 181
903 181
147 11
307 102
444 12
882 67
722 79
562 69
383 161
251 196
145 194
240 156
194 157
973 68
657 182
942 35
745 192
70 48
268 29
480 100
780 60
293 3
916 130
904 190
582 79
275 102
935 68
356 103
787 122
836 53
83 51
251 190
983 165
450 127
44 118
381 6
275 44
448 105
279 22
861 25
770 76
73 23
223 133
537 43
844 60
808 2
343 86
456 117
825 151
533 103
594 161
169 111
536 75
71 46
306 164
740 186
695 200
456 200
280 168
829 13
324 170
153 54
217 165
469 28
133 128
243 138
322 47
851 124
167 134
976 195
513 148
97 77
52 114
773 97
544 65
777 58
303 137
957 13
668 16
549 52
178 168
939 124
646 187
443 59
254 15
645 200
64 81
230 94
347 200
732 154
137 160
659 183
45 52
60 181
659 60
230 9
612 182
461 56
10 60
88 129
733 142
201 186
196 18
761 84
421 119
854 142
161 121
172 19
300 172
705 69
396 179
739 110
511 80
893 140
774 47
637 118
246 128
400 95
556 186
638 35
100 183
1 92
642 38
190 58
11 102
333 133
84 21
155 140
958 37
183 113
462 70
324 149
444 25
637 51
884 166
535 178
606 155
799 93
727 155
120 107
517 51
813 37
255 200
918 131
855 47
617 88
629 117
817 166
409 81
208 171
180 104
624 135
847 155
275 97
496 109
83 191
76 135
619 29
958 149
35 60
989 179
2 138
548 35
361 25
53 31
206 4
795 172
431 182
423 51
625 96
801 10
544 2
802 173
663 143
740 180
272 92
378 107
887 162
653 32
878 65
171 171
928 34
615 98
211 165
509 45
53 103
296 183
768 175
592 72
180 9
663 143
386 167
532 16
709 171
889 175
681 10
255 106
147 111
161 94
184 88
887 88
867 77
374 18
910 164
949 200
146 129
534 21
753 199
661 13
818 166
679 38
119 99
130 130
654 171
299 114
137 70
627 144
228 60
415 165
990 93
991 176
489 156
965 185
405 130
586 81
894 168
419 66
777 76
384 165
371 72
573 183
707 83
748 107
591 7
474 187
877 40
485 135
436 6
719 35
123 114
400 76
405 13
139 173
806 93
60 171
346 62
127 16
30 29
29 56
949 89
921 72
788 16
887 180
398 132
496 193
516 74
16 22
984 5
391 36
233 33
784 86
938 49
184 96
854 151
249 85
251 193
407 180
643 102
798 21
574 191
288 136
850 26
190 102
325 27
776 141
172 150
812 139
831 179
923 117
603 184
914 42
333 116
671 200
988 142
788 18
274 100
502 126
817 170
445 119
544 110
147 38
447 69
3 178
793 33
951 193
196 174
169 1
254 29
626 101
90 100
827 83
192 73
701 179
159 28
826 72
960 167
282 129
863 167
177 61
584 183
40 5
784 180
883 164
275 194
716 40
630 134
112 58
58 196
782 151
405 148
85 125
804 17
398 179
273 86
801 27
922 84
249 123
549 148
153 15
183 74
697 90
224 186
677 5
907 29
793 136
30 69
299 189
290 160
962 191
577 86
439 60
55 129
476 67
463 71
231 78
869 40
574 41
559 151
575 156
33 136
498 95
484 114
46 56
296 98
312 154
362 65
348 100
680 171
129 174
221 83
323 131
862 174
227 45
953 69
353 115
933 142
826 189
997 29
798 121
712 137
810 183
730 151
924 72
93 151
220 9
582 134
522 113
13 67
643 6
575 140
628 162
898 99
685 193
293 142
997 113
241 102
565 31
304 198
318 40
874 179
517 66
762 61
661 85
337 145
163 33
146 198
118 4
643 71
305 60
983 183
87 188
301 177
796 138
862 37
366 55
500 40
836 125
689 138
790 6
512 46
55 87
265 162
702 37
203 97
273 66
60 115
710 147
265 65
733 22
477 195
856 114
23 130
309 161
851 169
91 44
387 70
592 104
582 73
764 90
814 46
452 20
761 196
292 60
966 136
573 133
30 85
852 92
113 35
803 1
800 142
369 26
857 155
721 30
971 12
830 10
864 63
460 98
485 97
605 1
202 88
313 128
38 72
391 83
120 19
320 142
512 149
362 150
700 2
558 151
614 47
17 177
60 87
877 103
616 110
527 92
446 50
642 23
242 26
215 100
876 114
529 139
683 10
681 106
210 186
579 160
714 62
22 58
734 56
361 178
730 197
546 176
412 148
178 30
899 131
446 112
472 136
387 168
769 13
54 87
999 63
175 96
469 11
567 124
799 6
423 82
18 168
887 18
330 172
701 33
762 160
303 107
929 153
113 4
9 146
553 147
805 10
105 143
31 94
962 197
643 92
904 191
715 101
182 78
323 48
274 38
47 153
121 37
259 124
854 64
350 78
446 77
537 165
214 10
835 192
393 37
900 57
453 15
260 43
329 85
108 173
439 121
75 198
225 17
184 173
353 146
296 50
979 173
764 23
334 182
100 135
816 79
831 15
328 164
824 199
182 177
284 148
148 39
958 101
942 90
500 126
426 140
129 23
789 6
950 67
75 168
972 60
533 41
391 163
567 188
591 6
218 16
27 172
639 40
69 115
673 14
231 60
672 83
985 168
392 7
503 144
800 189
680 40
403 59
996 149
350 25
791 56
175 182
561 197
432 96
881 69
721 152
167 200
129 108
811 176
612 75
608 17
895 200
351 162
619 128
391 128
899 9
191 71
289 112
172 11
312 186
822 140
451 62
733 96
272 14
519 154
137 72
693 76
38 59
271 37
915 72
845 58
994 14
385 14
371 198
537 137
255 117
292 27
415 3
508 56
881 183
905 189
187 162
220 32
626 54
249 55
178 45
896 4
316 177
952 146
319 43
542 5
987 26
121 163
18 165
633 61
960 64
764 109
141 81
270 71
167 194
766 21
17 125
578 12
23 31
337 11
532 99
761 17
623 123
549 40
753 104
