800
800
714 178
601 113
190 45
791 3
947 45
78 141
293 141
681 105
54 156
623 44
640 30
781 171
342 115
796 81
143 137
548 101
202 25
684 189
534 142
610 155
371 31
280 180
274 139
282 64
864 102
431 77
611 167
312 152
964 128
290 156
505 117
847 22
184 129
873 11
108 55
382 25
645 125
624 21
300 103
289 44
185 124
962 49
111 176
567 145
820 146
351 17
494 196
792 119
485 146
968 42
19 18
5 152
368 93
432 137
202 109
735 178
409 52
476 20
9 111
685 16
115 176
241 106
696 74
855 133
519 86
82 110
709 186
71 168
924 98
850 54
466 87
70 142
306 158
577 97
853 126
979 48
834 58
852 194
621 39
564 19
271 161
647 42
468 162
627 163
732 27
691 130
908 19
61 198
933 2
982 19
340 82
124 185
301 193
220 16
581 75
775 76
794 70
555 126
219 105
883 173
876 173
227 104
21 135
437 71
46 117
824 117
700 100
188 9
913 65
619 96
463 67
839 140
943 94
467 24
990 138
72 80
327 138
408 55
197 55
353 37
930 182
171 111
210 29
990 117
840 120
544 112
533 71
595 33
182 19
321 97
606 70
844 131
417 169
610 24
249 194
282 150
144 7
833 19
404 88
894 193
863 12
382 112
49 183
530 105
15 108
812 80
677 77
491 39
533 113
342 152
133 100
153 156
203 2
923 109
176 126
781 63
348 169
244 128
641 68
332 195
754 40
810 107
869 91
78 63
104 83
649 103
740 167
869 82
524 163
183 168
333 102
974 65
770 51
224 83
240 153
58 119
161 140
930 196
590 170
312 110
301 113
300 183
923 89
677 61
952 145
10 183
819 188
306 98
58 123
853 170
650 26
385 174
620 117
684 93
646 69
100 24
221 186
918 7
734 131
429 1
780 21
840 168
611 14
510 56
184 90
862 99
100 41
907 85
319 118
59 153
753 54
366 159
570 154
721 91
137 92
682 41
999 129
830 163
982 124
264 43
511 193
574 183
354 185
358 14
550 64
40 58
992 152
550 79
23 155
857 185
211 133
330 129
941 56
267 167
217 173
348 134
556 65
54 30
77 177
575 150
428 152
849 19
9 190
804 81
417 69
373 142
790 110
699 24
14 134
608 187
486 77
512 61
577 1
636 16
758 49
536 156
223 130
37 180
320 121
461 125
458 131
220 46
430 26
887 4
617 113
751 88
638 48
221 36
368 72
727 164
220 9
150 169
93 175
800 150
439 117
827 95
545 150
823 88
326 169
722 69
719 171
818 19
430 149
919 165
836 193
608 76
192 99
151 73
683 117
108 24
586 152
512 174
720 184
704 172
882 59
377 34
105 51
800 46
642 58
781 71
915 146
639 118
482 168
314 156
29 144
604 109
373 182
265 120
702 5
537 137
921 17
852 156
482 102
273 180
327 21
202 91
54 79
54 69
51 84
468 129
381 135
153 100
95 60
282 184
244 43
322 116
283 55
792 170
219 67
599 21
343 42
120 35
673 90
58 111
63 148
238 163
367 172
603 68
161 89
587 161
86 30
773 43
910 19
901 142
750 22
597 132
484 152
504 33
673 98
109 47
983 18
25 160
142 196
415 161
796 34
310 163
582 149
485 192
386 151
781 33
856 115
181 96
722 103
605 148
397 129
297 67
311 179
792 39
575 97
652 177
68 6
544 65
931 8
841 191
583 117
168 27
848 75
71 63
720 121
903 135
129 77
650 95
976 156
568 176
410 71
340 170
401 151
333 188
941 117
169 94
405 81
510 102
691 160
24 119
494 154
888 150
7 199
16 85
50 190
479 96
242 142
786 100
97 89
38 125
287 175
782 18
990 190
230 147
406 24
993 9
630 172
200 157
197 104
226 134
525 159
595 37
181 170
807 77
846 78
556 194
457 115
406 103
102 57
131 171
284 181
256 24
591 14
711 60
198 11
930 139
849 195
746 193
267 140
274 120
50 71
631 8
672 173
775 20
365 82
25 81
183 102
273 144
862 198
772 48
359 84
308 19
138 11
908 177
953 139
579 144
231 36
204 37
660 78
282 12
350 77
52 131
944 52
930 1
175 200
544 91
807 177
919 1
244 13
348 158
210 138
205 7
657 57
921 166
527 110
858 21
285 118
370 153
221 143
365 85
885 174
271 164
972 200
594 110
130 96
743 168
332 179
317 159
932 116
977 50
985 107
601 127
997 146
795 98
714 88
205 23
209 193
988 191
287 6
777 50
29 47
410 127
457 151
19 175
848 185
76 30
322 177
288 84
337 189
737 40
710 147
262 69
714 185
337 87
83 4
946 115
335 100
260 101
714 27
83 88
958 79
855 120
578 176
54 20
575 121
249 118
357 1
106 94
585 5
20 86
354 66
721 9
313 116
516 137
620 114
209 139
198 170
809 55
208 23
887 107
819 107
404 99
144 179
113 141
746 138
918 130
441 83
106 151
933 150
803 27
678 121
808 154
634 48
98 27
740 43
598 7
325 72
857 4
174 14
309 117
422 28
510 177
932 31
959 166
695 2
662 154
522 199
979 129
148 77
888 29
46 42
549 114
701 39
182 70
775 72
411 150
857 75
592 158
281 166
1000 87
417 49
708 47
933 12
621 180
878 195
959 73
579 136
568 8
179 42
918 94
315 53
332 181
445 83
455 2
816 17
848 34
238 71
865 67
126 101
632 128
603 195
231 127
209 49
922 115
214 119
426 77
484 114
34 124
553 49
20 17
453 163
933 179
849 85
800 10
399 55
31 183
84 170
560 164
997 98
768 180
447 30
97 157
416 4
892 86
210 86
787 57
712 40
765 12
64 11
152 55
680 185
522 200
617 86
100 19
922 103
413 40
89 67
916 192
441 95
907 127
340 126
631 60
23 185
858 184
60 90
379 169
121 3
807 53
709 58
611 173
223 195
592 187
342 5
806 166
230 117
877 171
860 197
101 66
945 187
233 19
298 89
670 162
556 128
168 155
789 67
720 194
546 170
29 127
686 90
732 129
920 115
74 102
746 189
234 131
234 53
611 173
897 140
226 25
575 2
131 26
585 20
11 166
457 142
942 44
677 93
596 190
403 154
291 84
75 187
451 153
487 102
152 61
792 85
344 57
10 79
155 1
850 199
786 186
352 53
814 164
584 8
246 92
87 23
733 171
110 1
857 191
567 196
457 151
288 4
516 98
625 110
218 188
584 35
784 186
275 26
846 93
195 71
938 191
139 145
662 131
255 89
449 129
787 160
436 23
133 35
74 155
466 45
138 110
310 25
339 163
336 185
841 159
327 41
235 54
926 39
785 81
674 139
501 162
266 106
413 4
797 37
884 8
267 85
42 28
234 133
371 112
958 86
51 98
678 184
667 124
555 10
286 180
496 156
733 175
42 186
900 16
41 133
640 196
810 53
56 146
572 151
35 127
969 67
815 179
90 88
304 18
718 77
518 99
485 72
300 66
135 157
400 179
924 6
399 121
619 48
630 93
92 56
978 191
667 53
97 99
203 117
669 122
848 165
110 124
99 11
414 117
838 85
459 158
984 126
493 111
37 41
234 59
631 100
555 182
983 91
853 89
308 108
443 125
151 142
863 82
719 199
234 168
151 195
515 17
721 11
519 78
