800
800
861 85
8 21
411 165
496 78
963 180
206 108
219 200
45 150
980 14
836 50
267 89
815 172
73 67
941 160
634 104
102 194
390 108
877 130
2 112
284 20
683 97
923 135
897 1
247 123
636 67
255 122
695 130
413 87
643 162
787 121
495 140
580 151
15 63
420 46
702 110
71 195
212 190
563 138
477 100
876 136
221 81
610 1
602 113
186 178
550 154
146 150
556 196
411 32
472 42
501 161
388 179
692 41
786 41
265 196
483 93
443 79
613 89
922 104
44 22
960 176
776 110
695 13
834 10
300 171
667 13
415 45
658 167
810 145
403 74
65 101
886 164
516 158
152 154
838 110
628 120
61 5
992 84
915 74
165 95
55 141
106 87
195 140
563 155
177 111
857 151
48 183
182 43
174 41
854 102
718 152
365 73
90 144
883 200
926 36
529 97
159 111
164 116
976 137
78 185
895 118
861 28
990 67
28 12
404 4
150 161
739 45
744 151
301 84
958 36
808 171
784 31
872 105
492 162
262 30
381 156
210 86
52 12
614 85
879 136
406 112
485 10
741 113
32 185
75 93
144 99
927 167
902 64
164 121
924 35
812 95
865 72
352 149
79 124
168 95
10 1
17 91
600 97
680 146
192 125
664 100
613 14
221 143
862 156
989 104
79 126
844 72
289 170
204 165
821 121
995 200
845 118
590 58
909 1
604 172
34 45
874 91
773 99
949 87
817 174
13 131
605 199
95 88
745 80
21 159
431 128
55 190
32 129
270 111
865 155
35 137
954 33
921 136
169 67
701 24
1000 64
56 134
948 176
325 188
566 123
116 137
992 176
99 90
324 40
561 51
449 114
662 158
841 118
317 94
61 156
370 138
888 17
475 2
810 178
260 10
774 7
11 185
19 167
705 165
121 117
147 52
969 173
90 82
414 153
417 3
829 29
346 188
438 130
710 153
816 166
323 175
977 94
444 162
389 189
353 80
349 169
85 59
676 149
88 66
141 149
672 48
205 119
537 21
552 11
229 52
903 125
176 9
704 121
618 180
478 198
105 21
241 140
400 48
240 151
911 87
52 88
415 95
163 139
809 111
60 142
820 182
137 138
382 62
975 75
750 162
527 191
961 86
981 22
695 103
574 140
888 40
443 154
25 48
892 85
514 69
419 8
865 92
468 196
934 123
584 144
575 54
837 37
918 64
129 138
227 62
205 94
490 30
637 12
864 93
842 183
136 122
907 74
820 61
492 90
828 156
156 191
36 135
906 132
998 18
667 67
606 83
95 16
762 140
579 67
927 175
643 169
247 58
289 37
342 74
792 126
547 8
351 16
388 82
458 178
635 68
955 9
581 178
918 91
134 132
297 157
243 189
420 85
230 164
999 150
447 161
795 7
764 93
209 130
623 83
21 81
938 64
297 52
399 60
710 68
589 185
383 14
991 57
366 143
741 8
307 157
493 29
642 84
29 173
119 35
626 50
996 72
564 123
513 141
469 49
978 175
920 35
255 74
1000 152
436 7
907 29
401 87
880 68
757 36
811 121
529 9
88 38
266 32
355 101
119 2
363 1
736 23
225 70
641 162
630 197
381 154
967 116
407 97
42 194
876 30
681 74
924 131
580 66
46 19
104 26
217 200
501 92
783 193
962 75
462 190
370 14
140 68
257 147
583 176
692 197
951 170
469 51
285 67
642 41
926 37
682 123
776 43
630 13
887 140
514 162
708 189
484 99
352 141
91 181
786 47
661 151
939 101
825 135
647 119
749 110
585 17
37 53
882 17
83 91
841 44
191 56
760 131
806 184
199 17
595 194
596 164
661 75
701 198
196 169
747 1
791 113
55 169
168 137
685 178
51 105
22 54
396 33
368 60
344 189
786 80
888 150
651 76
956 105
322 31
788 39
611 13
8 176
107 50
761 56
810 193
531 123
112 135
136 53
320 21
166 159
381 1
361 115
340 89
701 150
92 97
552 90
27 167
162 77
970 154
313 168
831 86
484 191
699 42
244 94
200 105
782 49
868 104
760 191
469 62
841 199
658 163
208 57
964 9
438 89
173 68
768 89
183 4
770 32
458 102
556 59
819 23
805 135
108 195
87 99
649 69
584 19
969 31
803 92
620 181
471 8
542 60
813 198
687 159
310 160
582 105
938 186
794 117
379 182
690 171
536 95
576 28
609 96
856 2
921 161
992 49
112 2
254 162
784 124
763 119
33 142
181 153
690 67
714 145
861 123
920 191
156 159
126 61
916 101
543 8
95 67
143 147
21 52
481 57
72 180
90 149
824 170
390 80
484 155
357 163
674 183
59 45
677 153
105 11
533 65
317 176
910 21
417 67
829 7
260 87
293 172
491 157
370 58
291 48
363 137
415 148
364 81
368 189
768 198
186 121
946 11
238 13
808 1
260 44
414 184
65 167
308 169
420 182
327 195
828 178
193 5
164 172
342 76
70 60
953 32
339 6
50 27
655 187
926 186
390 134
180 69
106 60
454 103
66 56
309 83
519 186
629 128
825 143
453 77
741 96
659 192
679 50
230 187
481 126
644 39
195 76
204 55
841 188
814 88
761 99
127 90
801 6
376 174
564 162
929 143
377 1
525 176
467 90
578 182
237 67
587 191
501 5
498 167
203 54
753 174
483 168
66 199
105 16
788 152
337 100
101 137
291 113
379 196
750 179
460 22
22 58
415 115
505 171
291 72
102 136
478 39
822 187
190 6
590 135
42 165
111 134
724 136
78 198
877 133
424 187
227 122
75 115
387 55
110 81
838 172
101 71
357 9
375 45
147 54
233 123
343 123
221 76
721 60
143 160
542 97
678 27
374 152
296 38
187 107
242 109
392 35
662 82
214 6
141 80
220 2
972 136
421 99
500 82
615 159
679 153
348 3
88 107
346 100
355 198
20 186
427 27
854 164
142 163
877 23
975 60
280 112
443 28
688 88
118 166
107 177
983 77
395 165
739 150
272 173
432 43
569 143
198 24
940 56
805 52
901 127
765 68
188 166
234 85
321 115
578 58
570 79
434 66
568 106
68 19
478 69
813 15
448 152
618 76
596 8
906 135
78 92
95 67
489 162
843 165
772 13
834 58
921 132
645 89
833 132
703 119
401 6
88 77
448 96
447 45
307 170
174 25
916 17
430 175
91 21
591 56
855 79
608 93
185 17
287 69
391 137
676 45
277 151
17 60
60 3
710 3
749 123
313 175
128 151
11 188
30 180
213 180
989 75
599 31
679 165
658 27
856 137
591 161
94 145
417 22
994 74
611 177
385 107
242 74
492 52
954 39
892 191
773 18
327 127
929 79
810 68
564 77
5 100
953 108
692 141
228 98
555 192
103 101
230 185
14 171
232 76
138 71
724 168
353 146
487 177
688 90
501 123
649 71
740 80
246 178
268 50
200 112
128 193
658 30
898 166
999 97
900 12
7 153
563 101
626 149
884 34
508 156
245 62
998 198
52 123
279 187
711 168
93 152
196 116
827 117
716 78
144 136
938 129
140 109
539 173
658 50
340 85
455 140
225 11
292 102
276 38
394 135
286 3
908 13
766 95
202 97
843 72
193 118
561 135
975 111
992 35
110 128
890 170
419 58
764 166
537 122
729 152
235 41
509 158
