800
800
829 163
923 18
424 162
991 168
769 92
946 21
209 20
398 19
631 71
440 46
422 114
262 44
268 38
493 27
86 161
718 114
45 48
823 92
560 15
495 181
911 108
623 32
947 93
984 64
323 101
567 123
757 137
956 3
207 116
18 63
504 72
236 122
107 74
944 175
624 159
398 78
480 2
571 127
317 88
316 130
491 103
870 114
173 113
751 71
234 93
101 5
229 180
690 183
634 189
506 164
855 76
457 12
861 136
452 162
738 179
216 26
632 183
237 132
310 111
979 119
822 150
775 14
832 150
524 127
519 185
517 195
474 192
706 198
158 129
808 165
221 123
569 3
79 77
564 4
275 195
423 127
89 149
490 140
219 158
679 123
263 122
264 181
723 114
877 177
63 111
965 186
714 178
122 53
639 22
353 175
39 60
245 55
704 180
59 109
41 156
255 76
41 45
111 54
463 120
459 51
325 150
826 122
750 7
110 98
319 74
873 174
264 187
337 125
606 39
474 134
403 140
521 28
838 100
20 82
964 5
607 10
490 81
323 121
343 81
610 155
503 155
416 178
318 80
976 5
86 36
71 49
76 10
422 55
695 149
785 142
91 87
276 169
658 24
22 78
173 165
692 68
721 101
889 39
260 173
800 175
729 173
628 61
913 43
542 142
50 123
448 194
611 91
903 119
74 149
710 108
249 155
558 141
234 64
556 6
454 144
104 153
559 176
264 176
500 11
167 70
791 156
135 134
865 1
692 112
94 195
898 15
251 182
479 170
19 16
389 119
10 126
929 105
979 8
711 139
161 22
526 170
941 37
424 6
251 98
760 56
900 37
14 195
121 172
342 34
920 47
887 84
963 42
352 176
203 128
435 44
292 159
182 161
490 63
307 189
544 114
903 183
736 138
989 170
752 90
970 62
115 170
209 73
258 89
770 31
10 191
597 190
661 145
564 18
658 155
331 13
497 60
246 69
358 154
7 172
402 179
159 124
502 65
726 191
639 74
499 33
477 132
441 95
708 40
600 67
346 199
449 186
550 164
163 162
124 89
333 175
416 196
114 55
628 176
667 33
274 186
987 192
675 110
256 150
122 143
241 59
126 168
75 151
400 39
102 93
649 160
933 94
912 189
692 47
419 90
252 174
818 115
164 118
5 178
43 13
592 19
206 42
440 154
621 77
889 55
287 10
640 82
753 87
25 47
294 40
77 168
488 182
898 126
767 137
890 67
359 94
181 69
328 26
313 70
980 97
487 25
913 136
853 10
35 127
63 126
759 102
87 118
759 86
326 173
502 179
57 75
353 121
673 30
965 166
7 176
195 90
87 163
241 200
870 66
225 154
64 4
760 37
710 92
655 168
182 125
741 113
451 185
917 51
288 153
211 59
447 1
741 2
478 125
536 174
645 193
3 76
209 183
521 36
546 187
894 158
380 21
190 197
391 3
701 195
596 157
418 110
304 161
376 11
495 41
954 118
333 111
443 55
1000 4
213 149
204 88
955 4
852 34
571 67
460 64
138 175
208 160
816 161
783 184
419 22
532 138
215 49
501 183
816 46
982 67
73 57
672 85
556 176
794 84
881 40
669 155
976 56
717 63
586 11
800 50
125 135
970 142
182 79
726 174
746 105
878 179
636 159
134 192
592 145
440 176
271 130
427 184
855 60
708 159
566 68
920 161
152 164
99 149
152 194
9 191
398 128
875 18
60 110
305 37
974 150
257 54
787 96
315 91
745 176
622 89
640 193
369 143
439 175
167 5
662 59
587 163
662 99
141 125
134 99
190 146
813 172
724 101
965 165
49 98
586 97
574 158
656 148
904 107
210 110
286 9
428 92
327 29
537 153
876 96
377 76
342 34
271 71
684 123
249 8
269 4
686 67
647 4
581 134
639 191
743 86
713 6
153 166
458 173
945 170
886 94
190 144
278 33
555 194
68 102
669 110
119 180
25 103
646 145
127 118
333 156
298 159
411 65
273 124
871 141
329 35
841 29
267 158
976 82
264 188
844 184
38 138
984 179
842 147
489 163
290 191
961 178
292 20
953 51
316 180
490 163
705 6
412 161
171 42
976 46
828 155
744 174
647 199
708 93
43 35
227 47
837 109
961 61
340 123
698 4
796 119
249 45
152 135
316 152
489 181
433 20
855 103
896 7
228 25
309 31
984 125
297 95
121 170
926 106
858 134
737 175
958 140
762 3
364 31
953 26
744 32
911 133
417 31
95 127
362 121
103 66
863 45
572 61
946 173
93 92
176 75
873 172
379 135
764 4
245 174
495 86
896 104
608 122
951 117
187 50
369 105
511 49
329 96
397 47
419 5
538 168
647 67
67 176
422 56
970 73
182 67
452 105
617 52
650 16
530 188
489 187
819 180
673 87
552 85
95 43
921 13
162 195
627 188
673 75
472 125
107 61
118 61
640 45
728 199
991 61
757 2
194 76
592 139
965 169
53 28
779 64
696 92
77 16
31 16
897 15
539 160
120 178
259 74
959 49
859 111
871 197
302 163
993 166
817 172
111 134
54 21
831 116
463 164
473 168
441 73
592 14
858 99
130 113
572 91
201 63
113 125
448 113
822 129
575 120
626 87
968 35
913 46
514 192
385 124
461 28
84 93
330 22
543 194
37 6
510 195
789 46
642 45
146 85
877 68
668 176
493 13
825 2
303 4
968 18
948 126
851 153
767 53
841 87
223 156
11 65
678 139
393 125
153 54
577 96
676 6
405 198
841 100
555 170
447 147
576 50
639 39
470 96
304 172
89 19
367 139
101 4
24 150
934 156
240 76
431 139
747 134
465 58
910 51
398 37
729 13
521 185
856 118
25 31
699 36
275 126
958 193
782 125
667 171
321 11
999 40
38 63
277 84
285 88
728 91
41 8
740 181
908 64
730 56
961 100
353 148
267 125
759 111
669 197
468 51
882 46
598 132
74 132
955 200
43 90
274 54
691 135
410 163
479 43
110 83
411 49
637 93
28 67
923 151
622 190
830 105
821 136
199 184
379 31
147 171
325 68
102 22
324 142
944 155
480 24
986 199
499 164
650 22
517 130
442 102
873 118
183 60
884 185
628 191
380 153
991 21
17 12
282 161
955 77
118 132
191 112
24 162
35 171
19 61
873 24
532 29
149 31
985 23
421 165
516 182
598 198
739 80
559 77
220 57
754 155
108 60
148 34
926 11
359 116
934 51
43 62
608 1
259 86
277 3
235 184
617 141
355 165
717 61
458 33
213 27
931 34
552 20
213 127
4 196
283 122
646 82
256 83
536 88
110 73
693 132
439 117
761 176
394 164
579 42
14 26
532 68
704 24
346 91
591 99
418 162
575 120
170 129
714 31
483 4
464 191
748 123
23 192
140 189
884 13
511 97
72 196
23 93
417 135
840 11
779 88
765 85
229 69
231 24
270 155
56 173
254 65
177 106
498 26
356 137
992 5
278 87
360 67
648 97
260 143
70 98
939 145
68 14
671 91
246 32
15 84
812 69
21 116
807 66
864 9
916 38
121 193
568 172
223 46
229 39
272 36
204 123
201 84
378 70
956 117
878 194
396 132
984 52
586 14
736 142
752 164
719 122
676 97
40 45
274 141
498 182
545 62
349 104
893 28
644 81
