800
800
485 104
987 172
302 129
779 187
722 174
578 165
29 79
593 167
897 39
881 159
301 60
689 187
631 65
456 138
349 40
11 15
211 133
118 69
375 130
200 140
51 33
481 108
381 5
604 126
352 79
414 119
551 153
798 171
481 12
343 189
255 6
369 124
804 18
234 198
270 95
853 45
876 62
242 45
397 200
884 72
664 86
908 56
869 13
590 3
567 56
666 39
683 132
10 82
301 35
628 6
607 185
77 34
127 56
753 66
991 179
153 157
844 100
76 105
314 42
708 163
891 51
967 170
134 68
23 134
117 122
398 50
114 99
977 31
193 68
942 194
14 84
261 42
66 195
552 116
901 199
871 127
603 115
391 187
368 72
885 129
961 52
555 117
943 91
916 135
459 191
953 31
489 118
744 122
631 186
591 186
862 24
260 124
679 90
451 179
49 56
348 163
171 126
467 7
454 23
123 118
750 13
333 94
517 129
278 117
157 85
309 111
441 42
524 137
87 101
434 81
398 127
562 42
632 198
230 110
808 25
892 8
406 11
629 171
98 189
281 12
976 137
244 115
149 144
368 91
277 95
400 193
321 143
885 186
295 190
156 196
367 143
227 88
366 76
324 3
439 30
81 25
582 131
570 84
554 66
392 104
781 148
795 143
435 116
516 145
181 119
952 183
164 2
944 138
572 133
742 121
545 34
731 32
445 160
383 121
433 154
529 33
591 43
800 174
753 21
863 95
828 140
714 125
547 111
60 72
814 119
310 8
981 186
833 109
620 167
727 168
958 47
614 158
160 119
748 132
327 66
246 187
622 167
419 127
391 122
723 23
714 42
958 78
620 128
781 186
64 21
258 139
858 66
334 18
357 65
419 135
882 119
754 59
253 104
221 84
116 61
220 89
559 24
255 190
383 87
906 6
573 63
730 111
391 31
220 32
4 69
226 106
738 111
569 178
140 40
326 124
801 40
837 52
925 101
863 37
588 86
750 99
958 159
928 94
315 198
969 174
32 10
723 193
209 86
815 163
971 161
454 177
127 194
200 68
776 147
956 147
780 62
247 140
347 169
216 70
809 33
676 153
197 127
695 176
250 178
292 48
181 144
58 115
967 36
906 161
181 185
466 12
247 18
171 81
681 51
115 53
238 146
43 144
865 133
510 22
34 169
593 56
991 30
137 68
978 199
315 156
629 72
555 137
749 186
961 43
417 185
694 194
510 197
919 9
384 4
93 140
343 85
85 116
130 143
918 47
996 65
252 33
976 92
804 8
94 34
240 137
948 196
242 22
353 44
835 8
195 27
12 143
632 170
653 141
793 131
476 165
951 160
196 49
9 163
50 106
46 165
671 135
772 109
609 47
461 82
600 78
466 72
573 172
659 37
14 157
476 38
986 27
247 153
206 180
795 45
102 144
979 160
954 88
347 21
29 66
723 63
726 121
706 172
639 69
817 88
417 35
379 183
874 2
165 149
21 31
305 52
292 14
924 44
906 187
981 99
888 5
380 102
744 192
429 81
402 82
870 27
171 81
782 18
813 196
780 33
111 109
550 83
923 53
788 44
350 44
41 33
515 5
816 67
945 97
549 132
304 12
202 51
901 153
342 195
733 180
508 15
612 199
705 111
229 40
728 112
554 65
566 78
434 123
344 172
961 49
86 172
186 190
333 26
376 43
360 103
129 93
176 53
979 55
373 142
334 189
856 167
26 38
885 165
272 158
903 146
595 174
918 41
681 110
639 61
681 50
477 140
46 152
627 51
640 7
860 156
176 194
491 165
270 151
891 51
892 101
799 170
933 48
647 141
414 48
362 177
230 80
839 93
623 38
363 99
173 24
991 198
254 88
338 116
747 163
150 198
383 156
300 33
664 57
764 45
838 183
147 48
841 99
718 75
362 107
645 147
388 79
831 200
300 64
715 117
761 63
196 138
810 125
120 41
143 22
366 36
463 21
747 112
291 4
916 185
467 141
945 185
380 7
594 102
376 9
739 61
85 38
303 132
869 111
434 17
234 47
544 147
625 89
206 180
735 95
423 61
950 134
867 39
761 102
957 78
52 46
876 175
555 98
956 9
952 74
65 129
677 177
605 66
162 86
649 104
701 15
74 67
351 87
780 54
86 141
889 81
40 133
944 33
169 36
191 31
641 12
592 84
819 64
402 146
490 81
377 179
150 109
787 165
436 120
442 58
857 153
706 50
10 66
726 160
112 176
403 83
779 124
407 24
423 99
296 170
787 132
914 89
198 124
607 102
532 53
778 64
152 79
625 3
768 36
170 141
757 18
342 168
600 142
694 24
611 96
367 141
883 174
564 140
622 60
697 58
989 183
333 90
460 141
942 58
604 55
198 8
410 106
553 53
429 102
915 153
980 135
326 107
642 80
73 59
760 96
268 6
393 95
365 165
237 98
843 162
776 141
44 41
489 30
896 129
516 118
224 17
759 42
812 24
593 61
561 31
496 110
495 78
506 126
899 34
517 165
50 80
311 92
836 28
90 20
386 156
458 125
328 88
77 13
925 133
632 130
178 184
847 200
781 91
126 21
89 159
253 49
353 165
830 15
429 111
432 107
335 113
661 88
562 61
845 115
111 58
18 177
521 27
451 30
149 91
615 38
15 97
736 101
536 105
733 7
123 53
788 7
573 169
163 137
22 6
697 188
412 27
884 114
397 45
558 131
109 189
628 112
890 35
505 49
863 195
232 108
343 123
491 89
191 136
57 21
138 182
305 144
567 8
668 143
416 32
454 41
640 50
944 189
30 169
448 85
920 162
57 66
10 51
408 72
612 49
797 34
728 15
729 160
98 180
9 103
954 16
138 42
978 92
311 124
180 178
37 54
823 163
192 76
881 139
277 29
150 46
32 89
22 83
335 182
476 157
276 54
210 98
53 86
57 89
507 134
785 74
319 90
668 80
200 104
758 173
23 4
769 198
221 69
738 81
846 179
707 105
181 51
100 162
92 91
641 6
994 189
74 35
587 24
406 64
722 5
965 163
561 19
669 130
814 117
442 96
10 187
175 20
103 51
928 178
235 148
311 138
414 107
853 107
917 170
924 93
335 49
777 86
836 122
790 151
365 79
845 168
13 130
887 113
878 29
679 155
594 175
136 117
501 26
281 165
796 177
498 41
37 3
225 81
229 180
345 12
784 170
739 60
259 137
393 191
836 116
16 135
309 175
170 115
557 47
622 161
319 49
661 18
126 118
90 50
523 114
749 195
82 32
286 81
647 16
355 149
967 2
436 28
57 10
137 30
61 145
789 157
737 113
693 144
573 96
222 24
858 165
154 15
346 148
537 58
283 36
720 59
702 134
366 159
496 40
527 144
962 126
714 37
615 103
178 160
887 155
97 163
32 84
146 189
71 125
186 105
203 199
9 19
63 185
747 165
725 114
957 157
698 77
841 195
609 137
681 126
223 186
61 136
660 7
778 64
699 139
22 176
100 11
911 1
718 190
549 167
775 78
46 5
889 1
116 113
880 71
601 2
507 62
945 48
212 63
254 11
397 72
43 170
650 109
348 135
536 91
639 59
937 58
310 100
331 94
278 100
578 119
318 76
537 191
2 25
532 174
801 60
941 102
223 109
852 3
774 84
876 158
305 52
572 97
