800
800
144 97
51 95
908 88
899 197
542 116
369 90
885 55
750 162
2 107
565 146
174 92
205 130
693 62
835 70
4 47
481 186
200 172
174 129
9 153
869 61
52 31
42 52
935 150
654 60
114 192
127 146
287 75
873 44
419 116
117 145
286 165
234 61
749 154
182 54
579 106
758 87
430 62
36 82
780 45
522 178
722 106
148 90
373 112
600 114
285 89
800 170
906 46
681 132
519 133
694 37
88 98
471 125
789 110
659 114
892 36
744 134
644 188
271 5
642 196
759 69
715 46
419 5
722 51
135 28
815 67
784 197
808 110
327 160
661 93
665 114
340 176
794 12
95 190
817 75
596 34
212 163
389 198
751 13
161 90
714 56
991 7
642 169
452 196
290 68
835 48
794 32
680 4
350 134
991 37
47 144
635 189
125 65
500 50
881 134
266 148
878 17
742 156
667 171
405 52
251 168
107 46
103 115
416 35
123 31
550 49
16 163
899 127
61 156
716 56
714 193
78 193
505 176
100 4
451 15
552 63
591 76
449 18
577 86
782 72
728 67
597 39
515 187
562 1
588 197
691 4
920 192
253 1
894 31
344 62
41 21
472 115
999 21
97 57
899 12
873 14
543 85
975 57
513 154
813 66
12 13
132 13
718 147
413 95
743 149
76 84
425 114
680 64
742 25
313 144
895 132
534 50
750 173
851 170
798 56
29 65
497 3
795 195
746 176
911 112
729 155
968 146
547 30
455 145
299 64
964 22
854 41
980 53
524 192
311 59
473 8
473 23
101 198
23 87
574 42
644 110
432 45
825 142
240 38
872 128
372 38
180 17
35 141
233 28
30 182
163 129
812 176
569 134
936 197
708 6
163 62
274 122
12 82
163 78
207 109
299 11
863 131
496 1
202 138
976 44
970 95
274 43
849 35
692 42
332 101
737 2
415 128
239 90
168 151
597 156
656 61
454 192
24 62
129 9
138 86
773 116
621 69
387 25
447 179
583 96
577 188
732 173
515 81
754 136
984 80
680 100
157 156
789 183
100 153
300 28
224 155
748 42
183 44
817 84
273 85
138 183
609 147
745 2
927 138
28 134
885 185
21 6
412 72
428 69
481 167
227 195
149 104
936 57
552 126
394 125
159 47
402 25
5 62
651 39
274 67
480 85
478 39
934 3
904 92
60 156
654 189
581 25
271 146
164 15
898 53
555 128
54 170
38 83
819 79
40 5
787 68
676 17
362 139
661 191
159 168
193 193
663 106
422 148
993 129
319 156
402 2
200 80
541 134
369 115
743 186
47 116
308 33
742 192
130 155
984 58
922 181
567 71
482 136
694 12
324 36
521 36
376 20
193 146
993 145
327 116
352 37
671 51
384 160
660 1
306 16
937 80
391 33
639 104
853 199
273 85
375 131
656 61
555 119
503 31
903 73
874 71
940 111
965 39
999 139
805 19
603 134
272 166
563 65
834 16
137 104
507 196
633 18
358 101
485 143
953 85
635 95
326 195
470 187
111 17
222 28
593 97
982 13
492 35
502 106
436 125
723 29
869 160
179 69
152 146
104 96
522 89
399 136
587 150
310 186
958 3
613 86
911 101
443 22
650 29
168 18
340 95
670 132
399 143
676 58
835 153
288 157
222 98
967 11
46 36
372 97
131 36
749 93
269 148
656 75
486 45
687 79
71 46
561 27
731 188
995 67
544 113
993 16
111 125
787 161
232 122
13 169
641 173
391 186
82 171
31 186
134 139
580 63
304 185
413 94
465 131
932 154
402 48
202 174
338 60
908 180
417 181
956 57
551 4
860 184
81 176
483 152
15 114
689 188
635 94
847 106
344 36
19 40
724 6
373 4
315 86
77 29
53 158
559 63
244 186
970 178
643 117
550 83
475 71
697 53
809 145
817 108
853 76
742 28
563 173
280 85
820 131
324 28
131 109
648 28
546 182
633 195
277 77
846 7
898 88
868 124
290 173
394 77
9 16
108 129
582 20
862 55
980 74
10 29
798 136
915 78
907 101
643 139
112 37
640 81
636 34
569 82
563 47
995 69
633 97
606 72
761 149
778 22
413 105
116 31
88 22
981 142
794 120
12 155
837 81
322 28
213 120
3 48
473 101
204 198
193 173
229 54
372 140
635 20
114 1
222 76
552 47
322 93
108 82
631 115
825 159
449 54
844 135
871 158
10 57
740 72
824 29
219 86
777 83
568 160
670 196
217 154
5 99
900 17
444 2
424 5
315 78
569 77
489 48
427 122
125 168
168 117
922 126
517 34
134 7
75 39
528 172
39 75
941 32
424 56
373 116
39 83
185 21
722 166
631 163
698 9
152 21
331 145
366 164
197 22
930 163
542 110
162 183
891 39
124 159
513 130
827 59
403 98
791 71
850 30
475 113
367 26
807 199
392 11
97 143
192 189
462 42
561 144
443 30
631 197
384 134
657 164
646 105
775 25
406 132
729 197
469 34
603 87
622 188
500 36
301 28
897 173
849 159
435 28
214 163
459 26
697 68
137 90
478 77
73 183
53 106
521 165
777 106
586 29
83 15
954 108
598 186
576 29
971 157
672 156
550 113
372 103
761 5
588 124
985 48
975 47
712 82
797 20
103 66
345 31
199 88
77 124
268 160
169 193
536 83
395 165
294 159
912 142
665 151
167 176
780 147
427 17
510 38
649 166
597 96
454 166
840 57
393 29
433 26
397 185
614 191
727 85
121 198
227 91
810 161
475 94
817 200
782 130
350 193
53 192
556 108
387 24
621 171
283 193
818 91
921 25
963 192
51 112
994 66
363 165
133 5
886 147
185 38
918 92
391 21
649 110
321 92
852 52
737 53
534 149
834 80
960 52
255 84
512 8
501 157
950 33
951 23
569 173
45 63
842 18
507 161
909 198
16 133
38 133
341 106
680 23
454 57
155 45
699 193
862 30
179 88
9 75
318 70
894 1
374 151
7 194
954 29
332 126
940 195
591 3
178 159
691 153
981 158
808 118
349 141
86 122
472 138
8 11
141 117
316 7
325 21
362 32
126 183
963 113
524 25
6 118
110 42
6 78
856 194
300 90
190 83
162 115
429 159
342 8
677 95
655 79
737 154
335 56
151 96
281 113
189 186
837 185
191 57
117 190
572 26
374 187
163 112
732 72
51 84
725 123
255 197
655 99
995 113
640 99
713 71
650 58
607 55
870 56
739 35
952 70
4 11
376 157
413 187
620 134
403 39
842 36
961 62
984 168
615 168
237 66
857 141
6 24
311 197
157 122
354 36
632 50
606 55
566 97
345 129
764 151
16 4
546 152
573 183
213 60
492 118
457 9
373 88
994 11
77 198
367 146
397 113
892 13
844 156
111 40
241 134
315 118
621 134
931 97
807 114
293 122
322 160
289 196
234 172
62 126
636 30
976 142
699 183
175 102
975 31
434 13
538 111
99 101
442 35
674 8
176 143
835 96
363 162
315 198
824 73
289 43
238 90
730 145
418 20
218 184
147 140
542 195
425 47
77 154
815 2
159 120
890 27
502 133
778 134
448 167
670 178
324 179
788 134
583 194
57 117
621 76
218 185
414 120
170 74
905 42
68 33
237 116
131 16
783 44
937 90
287 8
879 4
627 122
