700
700
938 77
365 121
319 140
887 83
973 161
218 140
88 116
103 138
388 97
71 56
985 142
703 155
742 42
522 74
643 83
205 102
931 70
908 55
93 156
948 32
278 11
470 66
25 110
808 49
201 68
966 111
952 39
276 137
168 124
458 4
128 43
149 8
13 87
523 86
125 67
325 117
569 14
2 79
380 111
855 97
371 31
92 140
999 172
844 119
845 151
551 150
400 85
94 140
607 101
26 85
577 153
679 107
184 45
997 30
213 171
215 159
996 2
410 94
929 164
288 88
674 166
369 124
794 114
115 83
330 76
433 10
524 172
491 11
373 130
296 45
756 149
696 72
465 140
453 117
645 110
486 156
288 35
947 83
403 70
445 41
884 85
388 4
433 144
233 67
38 54
749 56
578 92
254 30
787 159
125 16
314 32
84 80
202 156
197 171
656 34
993 169
763 5
803 62
52 169
179 79
978 97
906 29
43 125
840 77
498 55
976 171
303 114
91 93
989 5
305 54
82 109
397 5
405 28
469 167
647 37
865 5
682 72
641 34
106 74
272 133
195 26
903 10
398 38
645 41
959 116
175 25
957 65
783 50
18 29
292 61
738 117
25 87
835 108
751 63
927 87
778 125
173 10
79 91
342 147
913 42
394 148
593 84
689 70
654 157
798 11
825 125
202 140
701 105
24 142
656 44
201 111
493 137
852 18
129 21
180 145
89 70
287 141
672 104
802 6
658 129
52 7
762 118
262 171
456 160
467 14
927 55
223 152
693 129
366 130
280 23
257 148
587 149
171 163
400 42
482 134
793 98
835 10
286 10
405 10
693 73
84 129
382 163
475 160
9 37
316 94
640 5
176 24
457 31
198 49
676 157
315 110
84 17
637 106
743 130
57 25
934 11
561 65
619 46
130 20
799 33
591 132
226 152
805 29
77 113
784 95
854 15
59 80
147 46
924 2
515 125
704 153
116 166
391 121
722 17
321 164
924 12
652 117
608 150
804 6
126 15
603 114
988 99
341 71
68 173
544 8
18 49
295 85
201 8
68 7
896 37
208 135
937 79
574 130
937 161
780 65
369 135
197 12
804 162
236 41
226 14
473 56
860 174
475 96
21 76
129 146
510 35
637 123
798 65
389 64
894 74
416 148
22 53
680 136
92 118
1000 115
761 85
318 93
580 31
905 88
279 63
704 60
702 16
456 37
250 39
881 150
194 18
513 115
228 63
618 23
125 146
710 40
165 13
141 153
835 14
758 152
713 97
965 98
304 161
566 72
946 107
496 158
738 60
55 147
522 102
757 76
50 73
514 79
707 79
183 168
17 40
478 130
399 152
503 89
413 74
984 151
10 106
951 120
681 3
891 18
493 151
463 37
146 108
8 115
417 173
856 8
430 46
5 9
20 108
727 101
401 149
426 175
358 7
652 5
420 146
230 62
186 5
470 116
685 132
706 149
574 17
144 135
984 91
587 117
20 71
960 134
495 30
361 36
50 132
660 55
626 76
380 147
746 17
62 148
518 47
209 85
339 169
54 69
268 29
149 9
49 146
763 21
604 163
137 9
262 164
981 150
198 45
697 145
117 1
804 61
225 65
555 41
339 48
705 86
60 41
380 121
654 1
630 164
56 113
392 163
834 135
386 37
187 65
204 19
776 169
883 96
196 136
962 8
606 53
185 131
701 18
550 101
856 152
223 105
949 15
301 82
550 43
804 75
196 107
618 143
776 74
803 21
466 97
542 76
438 67
370 99
568 107
154 38
367 121
882 100
807 90
228 127
799 150
179 65
88 66
301 73
576 94
695 65
499 42
580 107
251 132
107 122
186 149
803 28
748 129
741 92
821 165
519 79
903 92
159 146
635 154
58 71
807 72
69 11
73 121
691 104
678 10
603 79
213 45
185 17
54 68
20 40
372 167
169 165
304 53
593 160
31 5
683 4
347 62
135 24
438 29
181 125
282 11
949 1
296 38
43 94
199 141
546 9
492 116
670 83
843 131
896 170
449 40
185 102
828 142
837 116
311 31
509 175
775 98
272 16
700 140
240 18
837 106
451 117
711 64
408 50
771 129
309 5
313 109
520 161
651 67
172 153
275 150
900 151
911 50
636 5
62 35
927 118
950 18
160 150
584 103
278 122
799 79
474 126
766 67
824 61
462 171
154 164
693 24
799 127
911 107
685 122
127 1
429 70
887 65
790 65
247 36
539 132
898 123
607 53
270 24
959 52
326 159
998 59
216 39
713 56
512 27
85 3
760 95
227 152
214 137
613 142
771 160
221 79
664 97
537 24
514 159
750 12
442 100
182 88
596 58
881 63
587 85
193 62
666 21
650 7
162 153
848 27
121 118
976 146
230 40
492 157
471 159
578 113
743 112
755 4
390 15
930 166
592 165
526 155
333 82
918 155
882 76
90 65
21 38
513 95
411 158
827 122
126 49
400 36
441 93
706 162
213 43
217 140
73 36
690 35
132 73
808 152
765 156
332 27
174 31
820 166
443 118
880 39
126 78
722 165
920 18
384 129
842 67
287 79
436 27
256 71
632 36
587 160
886 39
833 48
244 120
27 102
199 52
811 160
461 145
909 114
335 49
765 78
444 87
924 106
108 29
465 145
869 155
452 42
118 128
45 7
741 153
127 154
159 3
932 88
502 85
745 149
929 83
959 131
127 81
769 140
477 41
725 157
952 170
376 90
618 174
34 52
48 108
22 11
569 164
502 4
266 160
191 166
661 139
749 48
650 37
467 111
318 105
16 162
153 129
305 163
112 65
738 73
348 153
834 62
870 141
329 11
439 140
552 86
147 162
985 152
51 45
506 4
633 73
339 130
889 16
467 10
288 33
316 42
114 56
566 123
3 173
178 95
318 174
186 73
730 23
957 161
328 53
71 23
296 141
847 17
210 76
29 81
788 6
196 19
5 169
291 77
215 25
172 18
33 51
888 118
878 56
431 39
697 13
394 156
265 25
406 76
228 4
52 133
167 68
450 50
760 151
304 52
494 135
327 143
742 70
280 44
673 139
864 59
990 18
801 157
168 42
948 127
46 113
366 174
654 25
174 150
336 81
349 46
752 80
74 143
553 79
488 172
8 67
118 102
28 117
674 117
221 53
967 98
146 95
212 108
291 95
466 79
468 11
858 123
836 161
91 145
371 25
855 143
63 105
