700
700
883 14
544 16
834 35
665 5
455 143
384 83
693 69
477 73
63 119
567 154
13 117
68 27
264 170
225 3
432 31
886 8
283 6
951 16
367 61
734 163
810 137
875 133
406 10
391 80
915 24
451 112
849 109
669 139
619 143
581 94
677 54
886 74
48 18
885 165
349 78
472 39
452 67
125 171
770 79
439 4
742 154
100 48
244 84
67 158
653 38
600 97
942 27
864 137
475 93
998 23
191 87
45 132
752 58
664 110
471 100
988 157
116 59
922 110
834 166
227 44
709 63
56 101
461 49
303 125
464 81
141 109
678 65
16 64
73 88
119 85
470 157
833 144
665 11
769 79
499 28
443 87
364 49
976 94
248 133
521 145
516 114
348 153
632 107
557 46
421 22
952 110
723 144
651 22
961 29
448 18
887 17
286 99
560 143
100 54
659 109
948 142
118 142
548 139
913 9
295 98
413 48
990 97
295 111
947 77
848 69
271 36
245 61
791 49
434 173
557 168
447 37
562 148
444 52
766 143
335 138
94 123
62 10
212 57
564 39
354 43
446 34
20 55
200 30
890 161
486 79
536 106
873 53
231 163
643 128
760 130
802 86
664 142
265 135
862 155
235 162
709 167
67 42
713 130
135 45
47 62
511 5
508 163
827 68
420 123
363 160
686 153
687 13
698 137
69 4
48 73
956 9
296 37
650 63
591 118
881 152
320 163
672 146
720 11
857 168
177 174
627 132
477 152
714 14
387 115
963 119
159 36
522 14
313 88
689 46
447 31
45 62
798 161
415 135
708 48
931 109
375 103
927 73
280 153
444 73
607 24
761 74
100 27
782 45
518 109
969 75
806 154
547 96
716 126
515 137
836 142
714 14
804 40
816 148
89 88
456 10
911 161
152 25
910 129
34 170
334 79
103 7
917 17
930 48
278 72
413 14
456 119
224 62
660 170
524 115
428 101
908 108
17 116
611 170
747 74
516 47
247 35
798 45
171 152
843 166
723 19
364 23
395 36
626 166
280 132
37 21
164 132
810 132
826 148
285 120
865 90
642 112
733 47
931 156
893 32
549 81
620 46
796 74
89 30
972 120
832 114
802 133
878 165
444 55
307 29
651 6
650 22
545 82
737 120
577 175
694 17
514 1
66 49
692 127
188 84
419 90
751 87
76 106
447 132
65 71
337 163
121 68
658 173
500 134
206 78
484 153
779 35
672 127
462 36
110 152
362 97
871 171
556 16
553 63
277 163
336 1
995 167
666 106
740 150
646 69
689 144
93 112
128 19
416 94
188 26
875 69
116 139
264 156
782 112
321 54
369 146
526 32
911 150
561 162
571 89
17 120
382 136
917 85
525 76
583 114
883 172
589 87
685 129
961 135
730 48
425 40
695 149
174 70
437 116
754 75
830 14
726 12
391 30
991 55
21 35
647 138
255 80
221 150
468 62
275 82
432 97
755 29
595 115
118 146
144 143
811 57
250 148
630 138
208 33
66 114
290 113
143 92
588 65
966 13
35 32
104 79
956 122
491 91
42 25
451 158
130 117
292 22
645 21
933 59
990 145
415 85
303 1
46 132
743 17
162 55
314 18
961 115
224 72
102 24
180 19
205 10
907 121
198 96
455 104
109 41
700 38
27 8
200 94
272 166
552 31
633 99
609 149
949 112
787 175
72 73
699 156
186 15
203 129
741 138
783 122
712 61
917 150
612 160
448 116
600 31
324 32
381 148
603 26
373 58
659 19
941 165
313 175
299 24
283 74
561 137
53 136
517 119
332 119
125 30
826 125
635 147
332 108
364 20
629 82
578 88
504 101
467 12
289 67
715 21
820 62
172 136
766 58
872 136
619 54
80 85
452 9
619 121
204 49
395 47
621 15
575 92
98 51
962 133
908 116
153 66
871 24
433 101
859 159
74 18
777 81
724 52
142 29
616 72
832 71
792 44
118 112
522 140
606 15
55 36
595 50
127 73
154 13
593 139
846 116
611 109
72 166
405 67
996 126
911 42
192 171
836 27
34 126
561 43
310 82
553 77
6 8
960 151
170 68
355 24
957 36
260 88
668 25
129 138
927 105
120 38
763 96
543 41
468 27
384 42
786 175
879 48
70 161
383 39
248 72
74 147
596 101
802 109
425 163
641 61
37 127
973 165
688 4
619 78
880 89
63 160
226 86
259 148
650 50
735 66
514 28
872 27
239 62
110 91
425 48
893 112
177 4
160 49
511 32
447 31
839 70
338 113
134 58
23 138
898 173
530 172
345 2
356 108
567 38
929 10
904 82
174 26
566 26
745 72
429 127
777 114
553 132
486 142
325 41
573 100
118 60
841 71
103 138
296 167
638 161
200 92
90 64
985 81
384 125
144 56
700 59
849 175
506 2
606 92
798 101
284 4
117 42
614 56
851 151
444 2
509 175
178 158
646 69
171 172
473 134
706 34
651 93
474 10
393 66
27 63
913 11
599 75
117 44
333 172
796 170
15 61
91 43
898 75
418 85
547 81
696 3
933 70
126 73
832 33
742 37
111 55
950 118
554 26
566 78
395 14
248 88
655 104
98 98
612 8
124 74
131 25
440 62
136 174
654 167
793 63
702 96
572 92
993 126
324 23
53 115
566 71
518 55
744 152
645 164
856 101
207 136
964 102
747 107
626 6
307 77
174 36
455 79
91 77
790 135
482 24
657 11
715 153
41 1
221 120
923 25
293 153
992 53
79 125
84 120
718 47
414 9
837 25
811 91
446 83
535 54
902 147
353 162
387 115
529 90
342 154
709 113
291 75
343 91
491 105
141 24
242 27
545 133
396 61
761 1
331 29
282 16
290 31
280 162
712 170
194 35
410 146
892 38
833 119
753 85
641 154
610 117
174 167
640 75
612 38
316 12
589 96
959 157
884 23
920 125
746 70
16 96
223 141
488 78
539 53
922 138
108 38
317 119
920 46
344 136
962 105
821 128
76 159
73 115
201 73
442 132
145 97
68 44
196 166
984 91
277 86
367 85
653 59
20 113
189 34
588 158
502 29
223 70
569 126
760 21
31 113
94 100
40 51
973 114
79 116
466 140
53 156
610 12
515 97
971 80
606 132
241 164
161 167
419 110
374 110
292 111
971 172
160 4
108 101
804 83
870 88
749 101
374 166
620 140
605 33
899 106
868 124
509 94
