700
700
990 68
131 5
635 170
534 160
145 139
561 83
493 15
30 175
464 109
881 36
881 107
463 172
825 125
814 90
713 5
217 93
469 84
766 106
778 45
69 80
912 139
188 168
872 138
303 57
445 35
540 164
965 148
224 141
41 26
481 107
734 108
848 69
805 147
1000 170
515 42
92 105
921 58
930 59
272 140
301 4
889 93
570 168
917 133
916 91
251 34
774 87
485 33
401 107
608 66
80 123
339 131
573 169
631 147
342 40
94 162
847 148
273 10
881 46
451 13
669 84
842 101
158 100
263 173
107 125
782 16
578 69
398 93
553 63
457 29
743 60
114 158
635 66
427 102
531 66
664 152
215 110
274 112
461 161
998 54
207 112
344 40
489 8
497 42
546 88
531 163
638 123
573 4
268 112
230 101
803 175
302 37
890 59
235 88
909 145
572 150
584 106
193 109
718 118
512 33
549 92
664 166
296 43
312 70
594 123
233 173
510 5
252 170
785 146
15 84
387 70
24 39
83 136
45 170
479 117
566 98
275 8
931 54
775 77
242 64
567 105
929 10
83 81
788 135
617 40
604 4
245 108
968 67
228 121
746 108
437 98
623 68
841 10
63 128
214 109
115 167
395 7
922 151
852 40
907 140
533 168
356 65
616 51
55 65
453 101
229 89
215 141
261 111
852 133
699 82
775 26
164 85
957 175
866 143
473 53
550 65
432 144
110 142
491 42
222 47
918 88
261 109
859 38
496 11
890 118
539 114
178 107
145 64
961 138
255 36
844 112
293 119
403 166
550 161
428 174
548 167
181 87
300 156
966 25
225 14
345 71
852 77
221 23
734 115
231 23
260 142
554 145
617 56
92 46
248 4
266 87
364 174
571 33
887 68
467 39
265 63
696 167
607 68
481 60
265 41
73 135
697 132
260 25
622 94
512 48
718 93
650 171
591 26
378 113
618 174
881 105
371 17
163 20
100 173
41 97
249 164
863 63
867 139
549 18
31 97
443 24
646 16
178 170
905 64
832 84
234 64
150 111
864 95
231 43
928 32
980 58
413 118
533 15
164 149
415 83
973 26
748 1
393 123
91 73
439 89
84 8
89 98
263 30
779 43
884 73
940 34
633 39
913 160
388 6
581 114
258 151
193 48
150 98
672 32
36 113
75 171
519 156
69 113
673 69
946 122
839 86
120 144
235 156
133 89
822 116
994 53
265 84
187 172
109 21
223 168
300 1
738 161
283 152
303 49
673 130
397 12
243 145
564 72
94 130
304 108
496 50
229 151
421 165
655 36
526 127
224 141
667 28
748 153
789 115
135 109
581 102
440 14
40 173
250 40
350 9
136 158
715 113
23 158
295 126
495 76
787 12
826 56
578 79
700 110
490 8
882 16
688 174
294 152
91 135
344 174
90 162
815 52
278 111
795 107
21 105
130 141
881 100
926 23
702 68
925 43
885 125
472 130
827 127
624 136
509 47
24 145
151 124
64 72
24 148
779 92
846 23
636 99
836 173
888 76
661 5
460 18
400 169
305 146
681 73
708 27
976 45
843 45
359 107
729 104
54 61
94 127
799 49
769 26
829 9
584 92
296 158
981 124
20 77
50 29
381 9
624 106
215 88
736 31
900 66
800 67
449 98
497 82
703 77
282 121
123 118
476 165
466 2
451 45
594 28
840 75
853 75
287 25
91 92
667 9
437 73
795 64
124 47
365 80
895 105
239 157
253 71
478 87
888 118
760 163
495 10
878 64
8 67
576 127
157 133
109 92
264 94
486 151
669 171
872 26
582 47
375 29
71 127
377 139
53 116
611 76
122 120
971 20
589 26
415 24
402 11
131 105
306 95
89 121
733 9
168 173
303 87
206 78
989 95
345 17
207 137
864 132
651 151
508 149
905 15
417 172
530 137
134 32
250 92
247 159
620 109
564 38
881 38
398 158
338 169
872 8
133 140
844 78
641 137
492 75
18 116
282 17
884 145
348 35
506 33
375 8
670 110
525 65
482 5
391 110
614 144
46 90
394 54
93 110
95 34
690 17
61 149
530 42
86 36
448 35
829 171
108 26
255 105
639 54
534 171
109 76
518 128
418 113
2 53
882 76
565 90
707 50
86 39
801 25
43 31
362 91
192 67
822 90
709 69
673 80
139 104
373 99
42 111
784 95
1 3
951 160
281 91
872 14
754 139
567 19
661 164
116 83
830 56
579 67
528 162
602 90
513 141
732 113
784 48
860 85
507 37
145 41
195 41
665 131
7 68
669 141
57 152
843 17
331 76
624 36
815 54
484 46
614 170
754 165
898 10
50 41
216 138
24 39
997 10
689 150
539 2
672 157
314 69
325 142
985 44
37 38
555 115
234 37
153 134
670 78
753 97
972 159
622 56
504 10
324 140
536 16
103 148
449 46
48 86
968 157
428 12
849 150
191 21
570 19
663 126
735 45
637 171
262 45
493 103
281 33
547 3
44 149
973 32
249 139
471 19
246 90
731 44
405 128
872 134
649 100
164 173
171 91
900 92
772 148
463 16
92 145
892 138
786 6
355 80
381 97
340 95
505 133
602 40
815 83
702 14
394 71
751 9
350 119
544 63
115 74
145 56
510 153
493 1
410 62
515 166
402 70
239 70
200 133
139 32
141 146
980 172
895 108
490 47
35 107
509 28
563 114
767 162
87 136
95 61
441 1
466 129
980 139
947 69
135 108
512 103
965 159
898 155
32 16
857 132
900 67
177 104
189 85
841 41
227 73
882 95
65 135
433 175
317 90
111 105
769 118
729 29
14 104
191 1
300 104
617 139
452 9
36 24
257 172
235 67
781 115
168 114
83 130
595 13
764 54
512 100
657 130
427 5
120 19
347 153
362 43
261 91
391 106
362 85
222 39
257 120
594 164
650 129
320 98
911 128
651 160
208 152
283 19
191 139
718 124
405 31
407 63
924 149
917 136
398 14
349 32
444 61
686 104
900 95
802 30
868 103
748 50
890 27
435 54
461 97
849 162
232 133
749 68
301 132
154 23
938 160
904 25
375 79
197 132
746 99
90 136
822 148
543 147
162 172
920 170
273 36
14 153
443 21
827 100
362 154
133 101
350 62
147 50
608 146
300 124
161 148
893 28
235 163
954 15
264 172
884 49
259 36
864 174
469 70
134 160
511 81
523 22
668 78
