700
700
971 20
439 157
680 102
768 100
464 26
679 25
837 150
775 18
388 51
172 65
714 114
499 148
559 75
619 61
574 148
426 48
205 172
510 90
644 155
946 144
297 129
512 99
971 26
684 26
696 11
442 138
989 37
52 68
627 41
449 121
534 150
833 116
138 174
201 30
653 102
47 121
763 148
158 114
411 110
285 50
334 137
868 21
329 141
8 64
661 132
297 63
880 12
557 108
445 54
994 5
874 158
110 171
679 37
937 28
373 98
511 174
112 123
914 172
828 147
242 82
195 34
10 122
270 158
393 91
350 23
588 174
728 7
440 84
774 143
197 44
516 38
386 25
871 17
858 42
538 100
571 14
163 11
824 82
52 100
299 136
593 37
345 34
858 22
359 66
509 29
184 7
11 68
815 90
857 62
410 97
89 129
287 163
344 55
422 137
13 77
240 17
715 136
969 123
156 19
77 168
27 119
229 51
820 11
216 121
523 86
37 30
627 44
476 172
8 94
866 131
105 32
574 76
620 14
625 30
977 130
250 149
949 2
304 95
336 163
167 93
730 6
718 151
347 72
473 56
432 138
733 109
972 137
382 43
532 74
973 128
55 109
639 157
786 163
710 15
715 26
244 107
108 98
898 118
458 95
216 46
139 32
963 16
573 127
915 141
86 44
846 173
782 30
122 129
994 53
859 31
578 83
192 52
505 80
517 174
890 149
196 83
700 147
19 151
811 148
484 174
262 29
154 40
403 119
21 147
257 103
472 32
365 68
383 82
206 122
168 139
28 143
855 82
911 88
462 153
585 164
361 107
590 144
803 51
267 21
425 35
953 30
437 10
282 141
645 80
791 174
817 17
595 134
223 131
513 94
794 98
468 22
933 142
278 131
743 100
337 74
64 29
451 14
13 85
987 111
418 119
570 2
158 134
374 86
95 31
146 44
302 80
384 126
444 146
398 54
482 32
189 142
54 151
576 145
668 48
808 157
94 146
384 24
415 104
489 54
828 112
274 44
160 78
874 167
327 53
797 73
305 54
964 114
982 122
243 3
724 48
574 174
194 63
797 113
457 77
491 44
4 143
750 71
599 95
916 44
716 68
886 115
938 78
624 150
696 151
637 41
308 139
99 94
17 160
925 60
565 73
662 122
902 101
230 47
98 72
353 129
326 74
622 20
539 77
234 95
711 61
226 80
16 79
516 153
98 71
675 58
124 138
336 64
878 3
73 119
257 119
978 56
655 123
704 75
279 102
212 14
51 135
627 93
468 56
983 89
703 105
660 123
175 85
404 145
819 111
827 86
496 86
11 65
574 1
123 31
277 78
331 66
786 72
973 64
635 34
895 24
574 33
916 81
248 138
792 16
1000 34
233 157
261 107
975 55
984 142
708 155
718 151
597 48
553 169
838 54
637 110
22 19
403 19
248 123
100 48
670 32
984 3
349 45
638 173
549 102
362 68
886 148
521 85
40 9
959 73
668 137
257 22
910 21
232 48
971 32
882 5
630 170
985 158
207 30
481 31
76 41
218 159
181 75
409 9
653 149
140 173
76 170
254 62
562 60
205 154
698 9
729 12
474 31
255 54
244 27
294 77
250 49
175 8
970 61
496 102
645 14
793 66
965 70
940 144
591 28
214 34
108 75
193 17
70 119
260 83
492 54
118 175
521 126
47 94
855 63
178 132
674 17
171 42
958 81
380 75
362 71
167 126
452 122
269 30
851 21
125 139
279 117
949 103
384 61
278 52
638 109
91 70
369 129
353 94
812 30
265 155
553 107
716 38
988 90
300 153
769 88
912 141
818 86
380 85
51 125
395 19
645 152
453 43
715 117
12 93
333 77
415 101
622 119
809 129
169 91
582 135
791 154
780 45
865 130
482 39
874 118
288 69
534 157
874 153
534 129
810 115
53 139
791 132
3 58
70 50
682 133
245 89
584 140
879 34
241 62
301 85
312 82
926 98
870 110
2 160
668 161
887 99
552 102
593 28
633 26
34 91
205 36
230 140
404 158
257 118
564 63
332 35
741 99
302 38
254 106
556 135
271 59
805 12
507 158
297 14
591 170
625 108
213 173
101 130
186 91
568 118
753 103
600 120
326 84
157 84
32 50
564 112
448 156
874 171
133 19
591 171
136 153
765 167
823 86
393 101
190 92
36 18
996 49
696 112
568 84
765 141
260 81
645 48
202 169
330 143
569 5
715 45
28 35
824 117
249 43
718 148
235 152
564 97
247 145
851 54
460 59
283 92
541 164
94 137
408 11
565 51
927 84
343 28
292 55
989 28
124 168
396 18
162 163
736 23
98 155
953 56
415 10
835 2
547 67
952 10
197 147
469 67
635 116
111 103
656 52
978 17
998 88
700 169
196 144
178 118
576 24
67 137
204 61
192 162
469 116
271 19
225 4
319 30
523 110
773 146
62 77
513 91
738 128
263 161
704 14
612 146
865 44
172 34
448 54
828 74
308 141
409 47
381 131
494 174
913 45
968 45
28 101
587 107
212 63
884 40
388 117
555 53
533 100
18 42
797 16
651 48
893 62
651 11
781 71
966 154
119 139
679 61
662 161
588 2
226 38
27 24
106 41
964 129
841 95
441 69
534 158
372 127
734 137
901 133
369 55
725 125
710 126
753 151
216 101
113 158
56 116
688 11
441 172
518 133
413 104
84 168
146 55
444 145
96 149
303 151
421 154
832 70
577 74
426 56
628 90
866 16
267 24
739 156
423 115
388 131
379 76
64 4
468 70
428 87
649 160
900 111
567 63
195 96
513 45
760 107
898 114
448 16
831 4
742 175
512 18
166 175
375 119
903 116
977 105
816 139
763 129
795 38
531 144
406 157
335 123
100 86
560 44
536 143
944 136
349 160
722 38
904 97
959 94
241 69
346 128
628 161
297 159
8 13
107 48
470 89
886 59
154 11
920 58
937 109
700 173
984 98
149 67
36 91
806 149
540 112
810 161
526 30
970 153
791 147
716 42
143 35
241 26
783 40
490 34
47 1
662 155
252 141
597 60
912 32
751 57
267 1
83 69
820 40
567 16
587 9
495 161
960 99
779 50
900 170
313 63
673 33
845 146
169 129
462 85
235 28
330 2
628 7
878 161
960 61
350 139
506 96
313 88
263 168
860 4
52 34
823 116
889 93
648 67
176 149
894 153
734 76
