700
700
919 88
472 145
594 76
272 31
763 50
602 102
371 110
16 111
964 61
697 33
273 89
1 123
239 132
150 96
932 170
659 48
686 158
260 153
523 94
999 72
748 85
402 51
994 87
560 168
652 112
69 140
899 133
861 115
42 125
256 133
900 39
564 30
473 88
45 167
222 163
529 132
85 147
589 43
849 81
473 87
194 107
472 25
634 109
999 35
848 139
517 127
494 154
31 132
525 56
765 15
203 78
772 117
336 163
807 23
74 174
261 58
808 73
417 9
354 120
487 85
921 61
420 7
220 151
224 149
698 55
492 81
505 141
514 81
624 166
199 62
82 148
377 162
278 126
407 65
889 48
265 156
586 17
223 28
922 76
737 2
359 33
434 119
461 154
40 95
439 120
407 138
893 46
342 168
412 125
482 67
834 6
795 47
898 85
648 106
860 81
69 131
543 164
153 49
544 157
569 58
357 119
403 151
294 68
501 105
474 36
283 110
116 141
297 148
827 19
161 26
926 124
546 92
262 164
293 100
994 133
330 13
952 113
104 158
992 126
959 150
454 147
368 129
642 103
385 105
93 51
381 150
953 109
921 76
310 149
555 5
386 126
138 59
885 144
291 41
260 134
951 158
935 47
796 59
206 175
206 124
194 5
591 20
724 37
152 170
257 137
219 111
653 152
651 130
733 42
478 58
371 85
655 41
261 32
316 83
724 91
109 80
883 166
952 38
215 175
702 16
258 78
199 73
617 98
485 21
311 59
848 20
45 152
172 154
422 85
626 114
413 5
579 114
119 31
557 42
305 66
845 74
342 147
668 105
560 35
36 128
651 158
154 78
5 39
634 141
33 116
387 171
70 16
975 57
737 167
994 18
272 161
259 128
708 111
7 101
694 64
812 60
649 8
766 134
55 50
466 124
238 51
763 39
27 119
176 136
843 82
85 147
493 51
452 116
194 129
452 137
59 97
876 29
947 25
340 52
632 84
597 70
197 49
851 30
512 140
875 115
399 48
259 101
962 112
384 19
233 99
43 136
630 67
912 173
801 138
821 80
493 17
751 12
110 35
406 101
541 123
270 158
661 49
433 97
870 144
323 47
589 136
891 170
502 38
367 45
804 140
747 33
527 162
101 163
617 135
311 91
162 81
668 107
171 161
693 125
482 131
474 56
447 80
10 11
615 43
605 144
919 117
600 111
693 51
647 146
495 103
971 135
69 34
889 106
490 152
928 115
996 11
807 141
137 58
9 67
548 1
255 149
267 24
436 118
420 2
676 142
314 50
147 118
495 31
163 126
880 156
263 168
199 132
195 97
677 9
912 70
411 56
491 158
263 175
797 150
378 42
78 114
811 77
547 28
205 111
411 138
422 107
540 36
131 127
373 32
327 58
601 67
3 146
852 132
227 6
871 79
792 82
638 79
680 41
978 35
160 161
770 60
813 83
491 50
175 71
801 21
514 129
816 41
427 119
793 30
501 66
643 166
332 165
315 109
872 17
833 51
171 25
768 74
783 91
69 164
389 72
276 99
106 105
117 73
775 158
429 166
371 150
978 48
303 6
419 95
434 40
932 152
254 153
194 62
344 91
263 154
753 77
170 132
585 25
548 150
85 56
172 167
275 114
645 168
509 70
711 151
955 6
319 50
806 161
124 153
504 152
471 81
833 38
348 87
160 38
233 156
294 83
294 70
285 115
893 123
272 134
820 114
174 157
687 121
808 154
717 55
365 162
508 43
210 148
492 8
441 167
52 9
419 89
965 93
736 106
89 37
995 143
854 126
491 84
655 85
332 104
933 74
108 30
448 11
475 12
472 103
353 87
477 13
464 133
459 12
217 84
796 109
710 62
926 69
216 61
325 56
799 75
168 49
564 162
11 106
916 158
260 90
800 52
939 16
781 20
662 140
757 148
847 15
765 97
254 96
367 137
146 98
960 70
846 125
543 164
801 14
937 115
441 53
582 173
204 171
10 71
2 50
895 173
285 135
175 107
818 90
837 36
766 158
837 53
303 170
681 119
733 157
13 85
310 4
530 138
586 114
65 34
150 161
332 160
919 26
662 143
950 7
960 70
189 16
664 129
162 68
581 71
138 45
257 163
645 110
615 79
489 72
569 133
374 84
913 15
879 166
768 98
183 141
504 51
236 69
900 157
753 83
805 43
10 91
496 135
153 128
526 157
511 140
720 1
419 57
190 15
10 11
50 97
282 75
18 21
174 25
37 8
748 148
373 61
927 136
584 5
438 104
556 60
828 98
251 92
450 83
332 93
377 122
801 30
485 155
753 114
245 138
775 92
240 151
326 58
56 154
389 128
697 55
89 161
215 46
931 27
959 57
218 62
349 71
986 60
547 43
532 1
975 60
115 163
198 90
739 151
187 19
956 84
830 136
24 118
660 165
387 46
636 37
988 160
962 116
514 3
718 115
368 145
841 60
84 89
825 78
268 43
734 29
676 138
333 123
58 95
501 149
611 29
131 97
951 101
435 122
689 59
877 157
221 85
879 12
55 164
851 121
322 174
663 78
248 141
436 107
788 151
937 127
393 137
755 147
682 9
670 55
761 87
711 154
141 113
606 87
785 114
386 127
597 92
749 4
41 7
885 124
424 47
409 93
718 39
370 34
539 147
982 145
601 43
878 81
177 138
1 70
885 22
312 107
209 151
240 159
759 119
697 141
708 124
934 72
457 108
675 120
667 146
439 40
461 61
295 167
956 11
570 49
870 68
954 60
822 129
244 6
13 10
250 132
396 156
583 9
910 60
99 153
933 123
60 117
310 24
176 110
807 167
298 125
625 159
84 136
884 74
376 50
969 43
496 78
670 27
647 18
122 37
424 22
455 175
842 11
103 114
295 132
722 128
20 167
200 147
338 53
554 17
13 81
19 134
398 164
412 85
55 101
896 21
563 16
61 91
907 90
664 129
456 13
818 47
781 114
339 162
206 111
726 162
17 173
815 140
400 144
881 116
552 107
503 112
450 99
916 44
582 166
298 65
515 136
18 140
219 123
193 102
294 63
30 6
90 88
810 2
963 141
420 104
689 127
799 57
300 5
94 72
794 147
635 2
408 95
154 54
705 93
831 135
286 154
349 86
923 46
996 172
583 154
843 127
69 32
219 170
750 128
653 41
37 5
574 92
543 1
233 100
517 165
77 93
843 118
