700
700
344 74
36 60
343 7
842 29
666 41
551 22
301 58
913 27
49 143
857 42
783 150
810 10
978 26
618 150
486 62
148 113
99 42
61 6
873 175
136 77
897 64
451 2
905 164
134 171
801 44
373 130
924 31
702 38
619 158
421 159
369 165
801 17
133 79
123 113
443 123
480 140
110 148
719 119
290 13
32 68
513 98
304 118
67 9
606 57
837 97
506 160
645 124
771 169
98 18
135 4
989 39
821 165
219 23
317 74
805 129
483 165
897 98
629 75
74 3
230 76
84 170
817 162
867 47
286 80
770 136
233 82
390 121
867 100
19 166
91 77
450 87
311 7
747 110
251 24
969 34
992 7
204 111
863 138
114 111
816 154
7 53
933 153
409 152
454 166
24 88
516 103
811 35
665 17
700 139
200 68
376 24
362 57
612 147
47 121
971 32
678 126
154 103
682 13
640 98
872 123
246 78
147 33
868 114
123 171
638 128
653 130
674 107
873 67
312 142
268 57
246 159
902 39
286 89
481 34
607 50
150 82
693 131
449 49
29 48
966 88
951 148
982 129
766 118
15 27
627 71
107 157
24 39
996 77
915 170
238 24
995 43
894 34
402 68
725 9
875 119
894 167
627 85
830 159
28 79
624 12
539 87
631 30
763 29
21 160
854 3
80 36
745 131
745 2
552 167
298 107
821 99
609 97
557 162
94 118
818 80
462 73
343 64
439 68
703 54
315 72
266 7
480 147
98 78
985 73
807 70
811 128
825 16
758 16
228 106
46 157
856 4
777 166
600 132
826 77
942 174
41 175
282 157
577 84
84 12
824 114
87 52
407 96
408 44
517 133
182 41
102 90
251 109
465 58
902 122
846 118
135 120
277 144
639 157
138 80
606 127
887 146
705 150
152 150
617 20
95 14
160 38
350 99
698 38
211 50
604 39
20 3
481 39
384 112
115 43
989 117
284 75
68 46
576 115
137 106
323 144
70 36
102 112
427 98
259 86
444 135
291 32
637 162
581 31
170 52
87 71
433 12
116 165
79 15
357 131
579 10
984 46
652 5
994 43
142 15
822 109
833 147
452 94
919 14
165 90
658 160
443 126
131 77
727 131
943 131
464 88
534 162
905 68
50 159
704 55
449 170
828 150
301 38
266 70
287 83
521 8
512 65
324 4
189 93
930 126
589 171
492 96
512 56
698 143
822 92
259 175
34 65
136 167
296 16
592 49
903 42
574 72
921 17
746 154
156 100
992 88
330 46
130 168
930 86
674 124
777 89
369 168
773 102
985 144
930 20
362 23
618 169
438 80
146 96
247 110
668 94
920 44
235 112
135 164
440 108
109 93
715 44
79 165
125 162
983 50
223 142
186 128
561 30
618 112
229 87
396 134
345 138
259 89
582 52
838 58
989 172
402 161
469 72
633 159
983 11
619 166
3 65
563 118
439 18
699 74
449 155
605 6
942 24
587 120
621 142
972 4
699 83
656 170
542 19
722 108
632 113
178 27
450 60
291 156
679 34
103 50
518 150
295 97
112 42
692 52
3 18
941 111
115 44
59 57
256 122
142 53
527 153
297 98
671 45
900 37
580 79
545 48
478 39
937 70
416 3
998 150
967 33
487 169
864 22
3 138
974 141
50 122
433 17
159 9
252 21
870 129
948 89
784 112
65 58
227 131
941 107
572 137
903 127
932 161
191 8
924 17
56 7
874 146
710 120
674 110
318 120
574 85
297 165
74 61
429 4
605 118
422 142
206 25
331 24
942 127
745 57
724 98
34 61
957 33
172 132
158 79
64 125
897 77
733 51
948 27
256 169
383 59
528 82
533 88
46 104
537 125
282 81
503 6
284 138
236 81
35 110
500 141
591 21
818 168
194 163
147 94
591 58
280 114
884 49
606 143
209 175
335 141
500 119
266 39
158 40
552 112
252 16
410 120
662 108
89 37
108 79
9 112
787 20
172 8
543 101
254 45
824 6
860 151
792 99
263 24
318 83
940 43
341 17
299 11
515 128
175 137
310 172
115 175
240 116
227 50
728 81
132 85
645 33
192 24
231 163
668 44
846 94
9 175
675 7
868 132
74 27
604 62
499 9
19 67
451 147
87 171
320 86
633 38
584 22
730 111
612 95
115 170
125 21
394 54
892 142
891 87
309 103
147 23
188 65
690 151
550 107
175 95
947 164
542 27
159 172
833 24
249 104
392 82
95 138
377 144
704 60
661 165
234 107
764 30
57 55
853 140
623 128
588 82
183 8
830 98
842 53
840 88
359 29
285 111
566 153
270 134
500 62
832 146
178 22
620 27
17 131
970 34
841 89
815 17
221 155
453 131
786 54
446 168
963 122
649 80
279 157
307 26
613 14
350 13
903 26
92 56
654 101
368 162
408 112
907 35
102 60
459 152
334 166
73 31
861 113
460 106
843 99
302 87
787 80
13 107
157 31
769 127
227 38
705 174
594 123
146 60
705 11
133 136
566 136
327 70
507 85
130 79
874 99
872 15
92 10
610 155
474 41
856 79
351 113
464 101
27 140
646 50
391 128
654 145
120 83
419 168
942 94
134 168
468 34
105 82
238 161
795 42
245 113
4 61
310 111
349 104
405 156
600 105
805 3
597 47
308 102
301 79
670 24
831 8
529 78
490 171
184 171
455 100
861 69
790 14
654 109
835 45
765 78
378 44
653 61
307 29
768 165
365 127
246 114
637 172
124 1
441 48
395 49
850 55
655 84
566 29
456 77
390 173
627 94
270 1
785 174
602 146
858 27
690 26
899 73
580 28
402 120
553 12
947 128
842 151
130 106
314 162
370 86
381 58
221 115
724 30
179 132
994 165
475 8
327 44
737 149
182 107
668 53
504 11
873 126
309 34
333 137
871 28
19 15
831 14
20 146
531 70
43 134
521 132
46 11
927 79
536 168
919 37
884 28
586 42
18 51
732 26
922 105
550 74
378 24
724 167
587 80
159 54
217 171
579 124
120 11
520 147
100 163
168 76
504 70
301 144
235 94
804 45
701 10
360 149
879 110
685 38
381 119
146 165
80 127
495 115
778 69
780 77
315 122
221 107
828 114
888 166
577 89
599 111
715 109
168 4
334 11
50 20
26 160
247 54
474 66
634 34
163 162
474 128
408 10
498 105
597 60
899 110
405 165
684 40
960 55
