700
700
671 96
885 151
460 150
297 120
577 67
359 156
165 77
486 162
209 29
619 161
582 51
698 97
37 78
249 9
615 74
72 25
755 20
533 85
61 105
213 123
604 115
738 161
162 153
722 97
148 12
842 126
765 26
623 163
202 161
194 61
875 120
475 112
154 82
245 76
350 16
758 21
818 136
33 98
700 80
211 154
779 125
364 28
478 87
110 146
521 147
975 44
984 45
987 134
259 104
477 58
55 79
26 154
562 101
500 33
268 135
585 84
86 82
961 55
836 81
9 60
841 171
303 85
460 162
391 155
914 61
250 8
583 134
461 69
934 30
422 36
447 47
341 123
28 23
374 3
235 64
741 140
644 163
789 22
588 136
582 89
459 142
962 91
893 96
30 99
950 97
485 53
457 120
213 19
244 68
512 113
438 102
256 174
552 3
207 20
493 7
38 92
533 43
352 135
579 61
434 134
146 53
755 3
141 30
448 13
224 132
292 16
665 22
168 103
580 71
609 69
856 85
839 144
533 55
589 6
230 171
941 42
627 61
985 87
632 14
271 50
343 1
674 67
39 117
911 133
720 17
460 106
627 96
959 154
179 109
507 47
964 85
138 37
86 85
717 112
605 156
554 21
335 103
578 8
528 40
588 153
711 158
75 21
656 119
106 43
556 114
715 128
335 2
226 156
747 28
941 18
264 52
521 134
809 13
490 92
613 16
751 155
980 107
111 23
449 105
681 145
392 153
743 116
816 164
460 91
498 119
247 99
243 60
376 137
241 85
117 126
62 142
947 35
101 112
336 134
65 152
689 100
465 123
964 107
734 94
926 31
347 6
667 42
431 72
819 135
900 132
907 40
756 161
301 153
939 130
568 50
250 92
395 156
80 80
484 7
695 59
910 122
539 35
382 42
830 114
583 26
820 154
8 75
434 60
67 16
937 12
830 8
137 9
291 90
453 37
824 118
787 7
612 68
404 161
738 154
49 79
481 120
726 7
279 77
877 160
471 174
419 74
7 143
886 94
478 133
759 74
473 168
953 55
277 111
114 148
125 157
428 104
945 115
971 72
242 18
467 25
207 154
362 89
737 97
634 20
80 88
825 136
321 150
635 156
791 41
826 31
32 110
590 138
416 89
461 78
190 81
537 146
483 48
255 99
967 116
846 159
503 55
323 52
12 40
25 154
163 86
575 46
449 71
629 42
427 65
864 114
258 51
603 19
579 18
613 65
410 43
403 71
503 56
83 81
788 26
383 94
17 5
461 166
342 140
567 160
753 1
833 66
902 81
773 116
389 71
565 86
719 34
499 150
275 40
524 11
976 145
184 136
606 118
787 155
128 146
289 83
139 159
548 146
405 38
106 46
950 117
526 128
505 173
521 92
764 12
743 53
121 76
94 27
486 55
905 10
836 113
385 165
473 123
826 20
162 111
365 140
830 14
330 124
623 57
381 45
195 121
926 164
727 86
763 169
261 21
903 175
446 61
600 12
235 38
247 131
685 47
572 83
689 166
349 154
932 114
515 129
663 39
453 55
604 15
953 102
138 97
552 154
889 38
415 91
464 105
833 43
515 136
674 95
411 83
112 9
639 62
752 65
845 71
418 59
808 170
672 86
332 161
202 131
24 17
958 14
197 86
633 111
306 64
34 49
700 91
414 106
392 172
198 69
175 74
758 54
709 65
354 158
510 149
515 121
748 173
806 22
270 39
817 50
73 166
695 34
680 147
370 80
136 145
350 154
540 67
138 63
676 72
869 37
99 135
178 21
358 153
166 123
168 6
367 74
241 105
979 173
38 154
39 57
835 38
546 147
861 149
311 42
14 72
347 96
364 34
539 101
450 106
730 175
375 18
447 147
358 12
230 19
482 169
168 173
47 149
399 118
178 76
611 19
597 98
662 20
214 108
938 79
179 54
101 1
7 52
940 9
858 76
436 37
758 141
715 106
509 131
888 1
724 128
687 169
816 8
604 172
657 152
766 36
776 20
612 128
189 119
182 167
476 86
645 144
913 104
253 152
571 131
236 29
851 65
821 132
282 56
556 38
491 43
182 133
874 144
707 64
184 120
868 28
465 77
285 96
522 122
63 19
940 21
797 37
136 131
581 26
607 25
560 2
591 61
993 9
954 2
239 45
448 55
168 84
227 94
758 118
100 83
494 143
817 155
424 102
985 5
708 117
789 13
306 62
708 70
251 175
966 154
943 2
938 91
251 42
869 175
231 89
172 62
730 141
929 66
39 109
396 143
571 154
202 142
64 12
760 145
446 29
96 112
59 22
482 96
923 118
307 78
422 129
575 121
746 80
52 36
472 35
852 44
525 122
865 10
541 41
478 153
417 51
158 117
251 120
123 74
798 98
532 46
621 61
974 15
326 148
347 46
155 55
468 158
474 159
175 40
357 84
511 156
34 71
866 97
692 59
201 2
194 140
380 50
622 150
948 80
152 35
144 114
852 66
98 128
274 64
300 130
880 21
728 31
80 162
361 42
704 68
94 137
848 3
677 111
972 5
216 157
912 45
517 58
595 1
782 84
92 74
60 142
122 95
867 42
563 43
602 131
870 77
404 133
261 56
976 117
338 28
773 74
593 172
922 103
727 66
146 105
534 71
207 50
589 27
788 123
427 86
567 97
429 13
76 154
451 83
499 143
697 171
434 28
666 147
116 4
521 55
217 22
898 61
815 32
219 90
543 55
327 171
5 134
413 88
578 102
468 129
91 42
208 42
948 15
882 41
541 139
107 111
667 38
682 114
679 121
60 162
896 127
649 66
416 80
967 166
892 68
79 100
634 30
266 162
895 59
528 4
312 19
712 151
408 46
392 34
206 86
723 131
802 19
309 114
634 57
561 19
264 173
973 32
922 81
208 115
734 127
282 48
694 42
279 26
712 64
68 174
766 150
27 67
726 66
638 152
887 114
547 3
838 56
745 159
991 156
11 24
335 48
351 1
326 11
305 56
374 87
921 151
949 151
246 80
631 68
8 97
649 89
335 159
192 112
677 11
917 31
554 53
181 99
880 163
798 156
307 173
692 59
49 173
515 165
973 121
790 85
518 137
627 109
412 16
990 85
396 170
685 55
144 55
400 138
849 31
545 135
439 97
234 16
677 22
873 90
881 37
270 139
817 65
251 148
194 78
307 109
546 157
910 102
807 144
632 145
