700
700
225 141
459 160
901 13
545 18
359 119
671 72
348 155
470 26
191 157
167 68
159 6
913 109
5 58
389 127
395 58
236 7
373 83
267 9
794 130
749 45
795 10
456 3
874 161
442 83
635 91
174 154
672 45
417 43
875 42
248 125
156 5
174 98
966 26
386 17
765 24
208 62
183 172
174 56
933 175
20 134
254 3
98 68
363 57
407 82
267 14
772 2
185 72
715 150
325 102
141 26
439 105
903 32
542 40
91 36
597 134
565 127
971 152
748 134
725 78
517 8
755 102
125 89
762 38
576 33
449 99
413 175
246 54
527 115
342 23
295 31
300 153
351 160
557 83
371 42
918 167
222 98
571 14
133 53
431 86
167 90
521 35
855 124
202 40
310 27
213 8
811 156
101 134
337 87
939 92
938 9
387 22
702 162
130 112
840 39
125 6
894 20
250 38
64 28
985 137
744 92
432 97
923 19
862 39
902 113
596 46
3 74
897 83
170 142
90 63
467 7
117 131
731 22
438 92
860 116
544 16
384 17
260 98
440 25
722 169
316 36
301 37
953 15
167 40
598 66
406 140
510 86
224 149
941 108
413 141
846 61
697 81
828 70
902 10
420 46
836 158
140 20
938 123
807 158
470 94
670 95
500 23
648 81
531 126
593 154
446 25
741 135
157 121
413 42
74 149
285 77
805 87
125 42
824 93
640 35
215 155
195 118
2 52
638 36
237 15
317 131
456 128
980 142
711 105
939 23
773 14
182 43
219 54
814 157
992 92
771 101
620 29
606 49
29 107
622 110
334 82
630 81
363 121
356 70
614 4
556 107
170 149
895 56
23 125
951 163
414 138
380 134
201 95
477 77
602 140
21 19
685 1
237 33
615 83
59 89
806 59
650 136
323 120
533 11
18 121
623 95
88 127
362 1
588 162
12 105
114 118
704 63
397 167
882 161
465 49
178 102
410 127
718 135
18 52
409 41
39 28
635 20
261 131
480 156
94 120
727 104
129 32
603 44
972 35
395 96
514 148
384 96
312 152
472 39
789 39
295 71
616 161
438 141
226 93
885 169
959 86
89 77
834 18
316 72
870 5
607 107
479 5
585 169
370 165
184 72
8 54
29 2
565 82
827 110
765 2
719 40
794 123
314 96
150 122
404 162
16 13
567 95
216 118
518 155
364 11
30 112
683 45
121 7
979 108
135 68
894 152
953 79
230 89
410 59
616 109
631 158
519 28
224 104
81 153
179 61
295 112
567 108
839 11
472 44
331 48
144 122
833 121
243 120
283 94
12 42
444 123
406 83
34 134
423 104
314 165
935 94
746 172
132 98
77 90
628 12
198 69
696 86
688 33
774 13
820 146
107 16
26 165
580 6
667 130
197 85
26 38
689 112
503 47
723 105
111 44
676 112
516 149
597 13
409 132
863 147
643 78
845 108
602 131
373 143
775 71
909 89
790 49
293 80
345 115
794 49
806 21
474 101
36 61
230 130
921 153
666 3
388 148
770 122
961 92
11 158
429 39
72 39
54 115
10 123
438 139
57 1
269 111
217 79
539 14
324 113
845 52
775 52
304 163
3 128
625 3
736 106
958 74
59 77
154 150
172 90
836 1
994 145
923 49
487 57
563 102
960 86
393 162
202 173
769 48
813 28
942 98
158 94
789 29
600 123
469 91
571 106
791 91
529 172
123 109
42 6
237 172
452 149
650 21
619 70
753 150
562 41
386 110
398 68
828 97
736 1
827 93
162 108
760 63
854 19
999 1
257 128
400 79
424 172
873 113
124 66
429 26
514 42
564 134
137 31
845 28
113 35
308 39
560 19
94 139
934 129
836 13
965 70
144 99
994 110
751 33
732 52
598 41
516 167
247 81
940 110
90 146
90 53
839 137
810 148
71 48
522 6
112 7
270 43
895 139
778 64
510 65
532 42
483 41
109 150
239 155
710 78
660 175
188 69
567 52
906 69
596 14
714 46
990 13
494 170
657 37
941 161
48 93
948 20
677 83
128 55
635 146
275 23
434 108
387 157
113 83
142 152
897 78
688 69
104 47
944 46
328 144
362 20
179 78
183 164
159 43
200 11
481 101
114 54
966 37
784 72
567 57
122 25
590 167
356 46
924 44
170 138
995 136
413 140
68 26
281 51
496 59
78 49
868 159
164 100
75 156
389 114
400 131
220 98
259 94
558 132
973 75
850 151
329 112
736 125
238 43
147 66
1000 94
347 12
433 76
303 11
871 158
782 111
744 16
549 95
1000 85
318 2
833 67
990 135
623 31
806 98
927 160
335 62
868 9
925 131
642 11
607 13
859 111
504 39
943 56
456 73
492 174
672 46
641 118
219 71
859 171
982 132
281 148
819 51
883 2
695 22
711 124
562 83
458 41
440 91
484 18
228 64
915 85
864 110
476 91
899 27
743 142
422 24
991 49
92 165
311 114
738 175
591 164
400 134
784 133
830 3
534 58
60 175
626 61
609 145
290 90
747 148
41 39
313 106
577 15
573 78
390 138
898 80
836 82
861 158
683 175
303 114
432 32
325 9
354 47
877 78
804 42
445 134
286 118
174 18
352 44
202 173
190 57
340 26
487 164
483 103
721 92
46 139
417 166
805 92
100 85
393 89
187 107
987 161
617 125
386 85
656 60
309 28
704 35
165 133
349 159
847 47
75 23
868 66
528 70
310 111
567 12
691 1
688 166
418 109
12 7
922 45
741 56
68 54
474 143
69 112
525 71
302 124
369 41
917 101
88 67
419 39
49 101
136 5
704 36
323 109
572 38
99 110
505 27
766 1
672 116
503 164
836 15
697 94
966 6
407 75
940 18
61 48
714 126
819 12
262 142
639 161
647 114
369 100
777 65
795 59
400 51
314 30
589 29
984 100
177 15
849 151
872 22
477 34
786 81
45 100
235 173
804 149
270 130
249 21
586 57
493 146
387 162
212 40
279 139
361 164
818 85
941 2
990 123
777 149
324 124
994 27
235 114
751 106
384 68
754 89
955 11
998 96
478 170
814 12
239 33
713 64
611 167
814 25
571 116
223 62
643 96
269 56
794 45
657 14
222 130
107 13
557 147
806 7
776 9
255 71
745 117
571 149
982 62
458 32
954 99
15 81
14 167
42 113
555 70
822 113
858 164
674 17
307 103
683 131
452 85
426 113
