700
700
652 2
828 8
413 61
893 123
651 156
723 117
617 68
7 51
623 24
766 153
541 97
306 84
710 83
741 131
318 168
500 70
56 64
767 16
731 114
903 160
920 111
814 51
512 32
907 95
262 37
159 135
223 10
119 157
188 71
128 118
178 104
810 27
798 2
76 7
873 139
922 94
167 7
178 9
535 53
265 30
331 104
176 43
239 31
354 60
917 63
94 160
465 80
629 51
279 20
532 175
248 71
719 47
173 112
325 95
166 124
918 108
333 46
932 97
807 175
225 172
809 18
664 78
734 172
561 101
102 167
954 49
124 37
989 133
440 74
856 119
6 10
209 9
374 117
766 117
119 162
343 46
905 145
389 64
420 53
956 144
613 142
16 164
350 111
691 97
102 113
157 155
885 122
51 23
360 30
621 66
879 60
175 154
591 146
772 111
833 168
479 152
176 149
468 3
325 145
531 90
773 23
520 74
877 123
273 149
886 143
833 39
948 36
287 5
48 83
682 3
848 161
237 121
377 162
863 74
376 90
830 60
427 5
777 28
246 169
366 78
336 42
686 71
207 95
947 118
586 24
502 45
53 170
357 102
155 98
955 37
73 2
898 74
550 102
29 27
759 25
724 162
923 107
80 79
188 103
460 147
253 56
485 88
251 154
362 73
659 166
654 59
327 2
351 46
857 13
814 42
925 88
888 151
719 14
236 44
363 26
844 169
808 50
850 58
585 135
343 98
776 47
914 120
380 166
779 144
815 126
43 141
585 17
154 81
607 175
372 113
462 47
825 137
702 129
785 119
384 39
12 69
803 7
659 155
317 135
916 20
174 170
90 152
628 33
50 52
728 28
244 37
202 175
186 147
910 123
535 89
995 104
304 100
478 58
970 174
295 34
326 69
990 113
584 142
196 132
550 170
65 122
121 117
981 125
198 99
100 58
858 80
833 103
55 152
388 20
322 9
445 72
735 97
600 162
351 3
528 159
873 4
692 58
129 105
365 28
583 154
374 163
301 61
890 40
495 70
528 90
403 75
907 82
427 110
963 157
302 61
811 123
274 47
158 6
205 107
927 43
943 12
61 4
442 124
396 126
633 12
700 153
204 40
278 83
520 162
101 172
775 150
347 132
854 3
988 150
598 14
823 30
815 123
698 52
214 89
157 124
253 119
773 130
205 85
263 76
875 122
326 142
742 126
862 174
273 78
753 168
14 100
689 24
773 133
940 33
328 99
896 20
600 175
758 38
839 114
440 69
639 150
981 126
55 29
912 93
689 1
816 32
720 17
309 38
853 152
322 125
775 70
390 74
442 166
740 116
972 72
132 75
207 21
278 12
963 54
522 70
928 50
978 88
592 84
300 47
19 138
590 157
178 166
115 142
409 37
354 89
194 31
319 97
764 139
76 123
953 43
732 27
336 56
137 45
902 6
206 15
22 30
316 66
813 123
856 96
896 37
289 165
880 172
854 158
471 86
171 108
81 137
935 159
901 66
672 136
190 142
430 163
812 20
987 44
752 169
210 4
426 131
305 40
876 28
481 90
512 22
623 24
770 28
26 34
370 131
665 86
296 77
904 25
939 98
185 34
786 15
539 52
865 20
90 101
807 24
97 9
108 10
321 34
643 116
807 11
964 49
438 61
204 144
954 122
963 114
757 91
133 65
732 102
618 41
254 115
207 59
808 161
21 122
8 93
510 47
32 25
180 97
214 98
261 167
159 27
384 68
155 50
654 50
224 124
427 125
196 104
26 100
258 123
578 35
455 132
969 69
183 161
551 69
215 12
97 53
381 69
550 68
388 89
407 80
453 99
811 113
171 40
963 83
993 72
969 112
447 145
852 14
480 43
764 67
972 86
779 55
504 18
964 172
655 60
514 149
180 32
541 127
983 67
268 5
885 15
96 39
765 116
892 2
438 90
738 169
38 44
615 172
146 120
522 131
362 117
676 147
886 119
42 63
720 172
884 7
409 76
756 110
161 122
924 95
481 71
573 134
52 1
745 66
181 2
486 75
176 156
320 45
230 140
73 17
51 125
730 6
700 168
834 3
569 95
724 52
51 166
918 152
829 150
606 99
21 123
312 175
899 76
148 8
932 51
126 133
250 51
692 165
658 114
136 137
59 28
790 64
796 172
275 52
345 54
260 38
561 157
852 70
742 112
908 138
62 122
422 124
434 139
938 112
642 131
974 140
572 128
865 36
466 72
202 25
190 147
430 40
2 99
740 169
122 114
177 33
291 113
518 121
51 20
295 171
624 168
161 128
232 94
634 62
6 47
827 155
287 38
99 127
712 36
396 139
387 54
3 60
933 11
31 55
307 48
685 86
291 10
487 7
514 125
370 52
34 75
767 153
989 62
620 92
636 99
287 54
156 34
143 62
503 33
290 16
925 43
518 60
771 67
555 32
565 44
652 71
270 151
979 105
676 17
832 35
789 116
22 175
113 11
230 166
711 74
183 20
323 72
801 18
830 142
523 30
985 47
246 139
357 29
400 95
527 35
383 102
561 121
566 93
345 75
162 143
830 87
766 75
512 57
104 43
951 82
494 154
760 170
246 77
408 23
725 78
445 128
380 55
758 148
269 170
216 13
319 9
270 131
864 82
773 18
739 160
763 21
268 23
100 36
295 29
875 101
438 44
447 106
880 75
894 102
633 168
557 127
306 13
990 22
231 116
244 102
853 121
944 79
518 53
631 68
770 167
950 165
971 99
428 148
739 120
60 12
648 17
409 133
649 175
541 10
909 43
640 67
526 124
372 149
551 77
872 69
641 85
290 88
307 167
899 131
135 130
361 64
23 83
50 126
327 49
640 168
915 55
290 127
185 111
248 93
634 34
184 65
957 146
982 167
986 27
663 49
37 45
747 92
806 16
346 81
527 25
170 31
300 117
670 55
802 72
142 64
664 99
106 35
860 76
38 127
218 16
365 101
904 48
921 64
39 139
982 127
84 65
70 37
151 15
2 48
348 151
55 69
513 45
887 49
208 147
924 10
350 164
123 161
264 12
609 46
601 125
307 29
332 114
375 123
35 155
934 54
666 169
117 155
107 54
751 90
367 111
534 140
874 174
331 98
679 9
796 143
505 76
565 125
477 15
697 14
46 49
915 162
283 39
182 19
113 112
615 63
950 37
238 37
332 40
11 51
44 38
705 30
964 135
