700
700
258 165
589 152
127 33
422 5
97 37
950 67
4 154
99 13
472 18
950 27
19 110
587 168
372 28
970 156
527 124
974 144
370 9
474 117
761 110
93 14
354 60
613 156
139 19
101 15
971 130
799 7
262 6
912 73
356 13
83 30
177 29
421 17
785 53
689 125
89 37
549 141
786 36
397 64
576 15
472 44
354 109
444 25
807 15
490 83
164 84
747 72
954 52
861 42
358 93
840 148
991 1
748 133
611 128
383 37
346 129
348 10
319 21
911 74
543 143
789 89
159 130
760 96
950 1
116 93
809 86
572 42
304 81
939 53
718 88
931 148
901 131
1 159
466 59
359 143
712 46
84 126
572 77
117 42
46 139
844 93
615 137
904 107
627 69
617 89
689 45
815 142
357 57
424 140
36 16
710 75
4 32
30 82
286 130
870 49
75 1
308 42
517 164
426 165
386 67
193 153
756 40
690 157
99 150
589 175
301 99
685 16
224 40
361 66
417 60
871 141
772 161
620 14
763 38
798 157
788 98
346 114
971 72
59 151
858 130
757 5
556 62
361 34
259 31
551 163
594 47
678 68
557 161
35 93
793 42
862 13
858 3
351 156
566 85
452 138
347 154
974 81
341 96
237 40
848 28
381 25
9 162
613 60
157 45
398 1
527 24
435 35
690 61
6 119
852 174
815 89
637 173
266 15
951 154
402 139
893 26
862 151
672 165
675 32
214 20
876 28
151 86
165 63
256 4
146 26
14 27
736 123
977 144
904 132
307 116
715 101
768 24
317 47
546 51
653 161
2 20
431 76
265 100
472 151
407 55
298 14
22 172
847 7
610 150
436 3
140 97
914 28
252 54
135 106
212 43
881 162
196 101
555 120
917 118
458 108
442 103
445 138
855 103
898 32
576 141
198 68
594 124
239 54
69 16
506 64
721 12
315 11
364 120
184 152
891 129
778 107
424 56
404 63
913 143
425 175
984 171
971 72
808 127
439 51
474 99
496 109
697 120
791 173
683 60
728 13
416 108
109 61
426 108
968 25
246 97
827 135
59 156
212 61
377 32
635 73
572 145
187 162
442 46
7 58
648 67
600 53
964 35
966 44
390 36
440 102
942 72
333 133
20 97
548 35
608 54
855 2
627 154
628 127
949 81
638 18
843 99
545 57
834 64
591 69
697 64
551 15
527 127
855 162
911 37
647 96
103 25
986 27
378 89
375 163
887 169
959 151
146 132
41 158
506 74
59 107
605 64
305 92
417 65
837 111
375 34
106 5
874 20
639 56
510 166
688 107
364 45
896 97
244 93
954 19
169 138
458 36
943 62
860 109
756 123
345 165
881 159
898 28
742 138
582 163
502 132
238 44
496 14
653 94
904 67
444 141
165 114
770 107
659 17
111 87
216 7
156 20
379 77
547 80
580 101
995 162
759 33
358 143
830 117
919 7
151 161
480 34
585 105
180 51
186 36
126 172
256 68
635 6
49 137
89 155
72 175
958 173
656 97
674 83
3 119
234 19
592 110
580 125
747 32
54 86
453 169
268 28
958 96
853 111
949 90
632 86
705 158
778 98
577 91
805 7
57 38
136 39
81 106
446 28
40 59
65 133
456 26
835 102
964 163
26 71
944 174
797 113
125 40
540 116
306 126
454 174
312 166
831 31
618 121
85 56
502 114
443 24
1 71
79 124
532 138
318 128
108 92
171 13
513 65
445 31
177 61
20 74
328 36
802 160
4 135
322 82
802 74
867 144
363 57
167 53
24 170
631 142
9 148
771 117
182 66
709 167
684 43
432 13
400 118
599 83
133 94
54 106
287 63
474 6
809 155
449 53
695 133
351 46
223 42
418 162
264 49
687 91
577 22
94 102
594 39
363 66
566 49
513 160
174 34
272 175
294 64
727 122
782 69
146 12
896 146
865 30
218 88
413 59
427 72
242 52
724 152
350 155
599 127
693 138
363 59
751 120
155 148
878 30
83 63
96 68
959 159
240 34
242 97
835 55
571 72
457 111
462 17
985 116
354 42
690 33
633 36
688 120
533 68
149 138
904 104
208 31
908 47
146 174
697 165
832 31
146 39
376 161
808 62
448 12
933 139
947 20
505 114
295 38
380 144
931 20
979 50
877 33
537 70
723 43
759 34
946 48
335 15
554 94
54 34
877 113
330 19
958 81
33 4
282 109
690 164
914 160
96 74
495 87
313 1
817 24
256 61
301 175
993 37
42 137
154 141
762 58
624 143
36 31
475 14
459 63
624 20
649 168
866 122
714 131
885 5
511 92
467 68
478 64
601 81
760 156
186 98
768 25
43 8
370 33
647 108
592 138
239 98
677 59
719 151
414 100
593 28
596 159
681 27
323 17
82 31
669 29
382 19
249 163
115 64
799 94
197 115
519 168
285 149
789 79
10 42
723 134
209 73
320 126
158 102
668 31
997 120
464 111
343 122
288 101
700 123
716 151
971 127
834 106
135 53
920 107
32 78
475 28
157 62
733 119
593 152
791 42
359 81
300 11
663 50
197 163
829 71
334 159
748 137
189 127
111 17
810 24
93 118
592 47
323 104
822 64
975 1
901 76
803 107
335 153
375 54
265 127
339 15
282 148
677 76
787 10
44 35
478 154
31 139
413 72
216 82
155 13
59 29
686 117
392 132
509 45
309 156
697 163
280 174
280 76
648 64
297 28
132 83
681 3
945 59
937 139
65 163
613 97
778 159
12 143
222 70
639 111
93 166
116 26
151 154
203 70
175 27
621 150
77 28
191 29
75 61
968 14
502 103
549 50
362 18
738 93
708 73
490 140
692 3
466 167
136 65
315 87
119 130
47 70
437 104
638 88
179 18
348 17
191 21
220 140
554 69
462 99
955 68
915 66
950 16
8 105
8 116
551 150
400 158
875 57
168 152
306 106
280 135
705 53
260 146
419 14
45 101
967 99
567 130
612 164
210 40
309 124
972 156
654 118
250 42
138 98
675 160
737 20
59 32
504 28
285 134
26 171
90 49
203 40
350 95
869 174
369 84
957 79
958 83
996 6
838 47
588 49
265 129
833 112
508 167
306 65
449 148
376 165
669 154
276 139
114 135
672 148
60 25
410 137
593 126
801 114
637 137
30 164
875 43
206 34
30 41
281 120
138 19
516 23
579 5
894 55
807 114
276 18
