1000
100
912 94
872 248
456 217
166 144
30 80
796 179
364 130
148 96
713 150
52 122
344 98
103 18
452 105
947 238
636 242
163 47
835 136
147 142
102 62
285 131
743 80
559 107
460 58
54 24
810 105
247 153
554 99
170 5
56 219
493 191
460 7
589 146
392 87
287 95
399 72
975 243
3 135
951 64
294 5
690 205
461 186
608 15
637 129
371 192
597 113
734 158
869 72
53 112
409 192
456 159
263 32
3 117
18 204
431 164
958 120
118 168
407 225
784 43
206 155
734 154
369 69
562 90
141 216
201 151
9 9
411 21
790 163
240 58
366 22
823 175
141 190
93 149
17 228
942 222
382 27
375 1
846 38
340 88
606 142
590 114
900 250
237 190
412 226
849 130
497 171
804 239
610 248
887 228
476 180
199 107
559 176
959 154
213 48
93 68
542 182
432 191
681 168
130 194
495 80
573 241
352 229
979 64
976 217
291 53
397 240
660 205
415 220
710 229
620 52
149 161
483 182
601 15
599 83
958 195
764 133
435 116
611 15
429 188
333 71
741 229
560 2
35 76
73 96
657 192
249 55
852 83
736 55
597 186
239 157
130 2
141 166
469 103
680 249
40 12
320 132
93 231
235 229
909 58
575 65
999 73
721 203
906 206
359 104
493 97
112 122
950 2
537 21
354 68
19 246
931 190
877 125
921 112
206 79
419 30
745 19
954 215
323 211
272 181
417 14
629 28
385 181
780 23
701 133
192 71
878 224
761 107
201 33
218 156
213 238
537 207
108 240
773 33
53 44
463 71
807 194
348 43
726 127
167 28
612 210
848 91
183 210
947 235
992 16
140 56
855 176
512 65
518 136
97 172
679 161
742 87
706 89
731 181
568 147
208 31
958 56
371 141
367 170
227 211
537 117
266 244
394 130
58 161
765 6
184 46
416 175
632 122
366 113
552 183
611 10
815 69
167 185
61 33
206 37
595 243
5 111
486 149
990 145
661 106
400 95
901 167
769 135
288 134
247 192
418 209
303 232
777 71
769 189
353 76
476 50
420 230
160 7
878 1
151 141
606 152
735 109
69 105
743 208
341 91
899 8
549 53
342 178
373 212
866 78
139 193
377 59
173 36
815 152
388 68
292 95
571 128
203 139
233 195
699 73
637 199
682 38
502 23
215 124
836 182
951 225
125 77
885 149
214 51
402 203
368 46
298 41
423 250
929 155
797 229
227 183
928 159
322 179
283 36
302 221
320 105
445 194
283 181
92 247
731 95
801 201
890 98
741 63
950 21
319 246
1000 46
530 177
806 102
355 88
739 8
558 58
612 104
853 145
386 46
743 117
141 43
919 30
993 159
694 192
31 13
39 30
910 170
956 215
123 162
154 112
670 64
271 133
769 124
527 155
419 121
623 59
516 41
941 8
551 134
449 81
998 237
611 157
758 168
621 131
580 25
742 101
190 114
233 208
487 112
112 8
732 86
168 247
626 210
754 176
446 54
109 193
392 219
350 150
988 72
30 67
448 123
519 137
838 2
595 177
863 58
934 196
144 203
193 121
913 48
649 108
204 7
152 197
827 1
96 64
823 227
733 122
951 1
259 39
354 205
465 68
262 250
514 7
554 58
878 216
707 26
175 160
634 77
209 210
179 156
273 103
133 107
975 185
960 85
575 63
789 141
881 152
492 144
511 46
803 138
863 9
265 140
771 148
716 229
709 246
634 231
599 118
690 175
553 149
509 229
313 149
870 193
402 111
938 162
758 240
651 121
601 17
10 121
164 77
701 122
322 84
205 22
804 246
196 208
894 56
186 206
56 157
751 208
120 40
721 127
132 224
849 232
990 108
454 6
286 154
729 108
839 35
231 244
530 29
701 25
834 137
333 242
645 83
699 14
474 21
993 105
494 91
336 234
699 141
341 234
646 69
943 87
354 174
830 133
304 31
10 137
769 92
730 163
776 30
529 249
551 21
854 44
361 41
879 161
682 219
395 179
640 189
515 243
214 95
227 17
227 236
6 245
929 235
759 204
515 37
305 65
807 10
460 20
50 191
930 83
261 176
114 150
365 128
892 78
324 221
95 50
706 202
544 237
186 155
42 200
941 96
116 100
855 178
619 7
618 48
691 128
224 54
778 190
784 21
517 107
491 213
9 49
414 154
887 202
558 178
651 249
626 119
950 82
46 68
88 15
467 131
244 42
286 123
981 171
746 100
528 88
164 36
136 78
439 22
529 99
302 31
199 177
1 148
758 148
67 198
412 135
328 8
927 215
380 9
386 227
460 15
65 124
152 200
553 192
574 183
290 227
963 238
153 66
987 12
713 53
459 227
938 138
484 216
103 215
826 90
692 36
104 6
261 107
307 63
548 232
245 190
458 59
677 212
874 16
224 189
68 182
415 107
820 250
924 24
464 250
465 7
387 68
614 147
526 171
811 73
152 55
614 212
965 143
923 191
658 248
129 225
180 145
434 101
144 107
976 209
106 190
466 94
7 79
490 134
351 50
956 105
706 70
816 171
564 90
213 221
588 91
297 119
587 230
469 230
87 194
40 44
883 107
388 241
936 229
124 138
529 181
492 86
352 159
608 165
101 70
135 40
512 182
158 98
513 228
179 99
773 219
495 7
75 234
599 112
462 74
1000 92
504 93
928 208
854 35
474 204
355 211
993 116
744 2
316 6
831 244
207 103
64 201
609 139
934 59
852 247
632 101
89 237
46 16
694 149
550 20
204 154
480 48
122 223
49 39
830 129
282 36
833 198
88 43
836 123
351 39
120 232
242 208
468 37
223 14
537 124
33 240
380 114
287 103
438 187
641 119
917 172
7 249
971 94
541 158
819 243
197 188
224 188
497 43
76 71
908 112
194 42
351 73
155 239
425 194
675 167
563 193
691 69
691 161
14 83
819 82
825 15
121 150
452 219
442 27
39 202
490 85
993 192
509 250
180 36
443 206
702 107
148 142
925 190
53 41
772 121
474 198
885 95
347 188
563 140
566 204
841 55
538 186
246 46
685 27
331 229
982 33
836 231
424 112
670 78
402 191
698 126
388 184
822 86
621 236
225 38
689 168
592 78
603 189
976 37
317 158
765 150
690 202
130 216
64 49
293 67
591 93
44 80
276 115
415 249
953 242
786 243
409 230
571 113
270 148
649 87
555 15
236 97
717 218
62 132
516 206
948 107
400 242
788 28
208 203
276 160
194 163
153 204
494 75
316 116
972 66
702 26
80 39
474 148
6 137
279 124
945 79
332 94
570 119
371 27
673 248
289 218
763 43
171 6
867 88
371 190
153 174
67 85
65 41
84 172
427 215
295 121
293 228
67 214
97 187
342 19
787 130
339 49
422 111
804 140
699 27
829 203
950 146
139 116
788 223
788 214
937 82
937 229
60 3
442 8
439 33
628 77
765 216
125 186
179 31
826 127
807 6
431 108
253 70
474 40
792 113
254 80
694 190
308 105
192 101
964 232
235 194
559 249
261 35
537 189
315 214
315 223
719 246
933 222
667 8
11 208
370 116
889 165
157 196
872 200
648 187
682 132
130 92
233 141
626 19
829 43
482 246
117 52
593 49
875 111
158 136
68 27
853 58
294 10
503 165
709 2
351 242
735 83
333 217
223 61
87 153
955 170
250 71
472 194
120 96
804 27
583 223
156 186
530 199
797 134
965 5
237 167
247 222
499 181
938 73
241 127
828 195
296 77
618 119
623 89
465 28
717 149
1 122
186 132
672 232
618 136
839 104
303 187
825 51
367 115
226 210
491 53
506 138
481 123
257 103
211 73
881 178
823 233
151 9
114 73
342 231
810 180
585 112
616 11
265 85
875 240
294 217
894 151
855 124
274 213
477 86
535 209
115 107
941 16
717 156
440 59
489 249
238 175
713 206
185 79
540 162
170 185
480 63
335 186
436 108
148 14
796 34
972 160
743 14
527 209
670 68
869 158
567 209
934 131
664 220
311 203
881 230
387 111
542 73
46 79
33 46
593 78
579 64
89 173
180 218
132 99
285 102
358 203
810 41
833 223
760 143
27 243
974 15
705 117
838 102
196 120
647 140
697 78
703 137
250 234
104 131
82 139
85 41
591 144
433 26
367 45
270 245
537 244
510 93
110 199
694 55
568 91
444 116
918 249
752 167
84 208
900 166
948 234
308 38
229 241
665 197
285 185
692 173
178 53
117 139
251 60
296 68
502 239
785 21
589 138
938 173
95 189
190 144
524 247
284 2
589 198
699 225
882 242
749 161
294 115
50 44
27 95
713 28
435 99
299 126
736 88
400 183
128 191
576 151
789 109
754 128
159 54
954 40
897 203
803 42
919 204
437 195
900 149
473 186
349 123
413 85
710 62
619 87
104 194
839 143
405 194
622 63
100 75
954 246
629 6
538 150
311 224
844 210
475 168
896 73
790 58
259 101
472 127
39 75
423 127
819 77
173 190
389 124
367 92
619 97
450 8
246 10
834 192
970 160
461 217
834 103
876 93
453 97
321 242
274 243
720 92
569 244
884 59
867 102
