1000
100
818 161
224 91
27 238
106 156
780 138
532 28
325 177
565 4
796 102
183 96
30 241
923 169
583 62
411 61
853 130
710 170
540 35
112 169
23 218
324 52
707 105
932 133
383 246
637 178
597 69
23 228
161 48
896 243
859 158
405 211
140 114
733 179
751 94
949 23
413 22
926 120
478 107
502 110
353 240
389 199
309 162
279 219
61 174
564 169
184 70
982 73
786 214
353 36
909 52
308 72
925 85
793 153
442 146
262 146
136 3
94 46
414 224
616 76
250 179
744 183
851 77
107 136
142 61
171 51
112 80
724 139
414 16
791 105
513 154
1000 250
406 196
795 171
169 161
996 168
941 92
202 41
520 160
426 162
471 96
64 184
425 37
322 191
654 214
45 18
220 147
518 227
194 62
500 214
722 97
484 163
938 185
805 208
697 231
471 167
178 34
100 205
672 24
145 177
237 41
194 58
937 211
785 232
375 34
196 96
130 179
110 170
715 165
229 161
497 51
929 174
584 29
628 107
154 124
283 140
665 78
198 101
891 84
435 15
969 130
712 200
660 174
869 226
440 199
137 186
499 65
961 184
445 191
40 98
64 174
340 228
502 139
681 142
574 115
8 42
96 219
991 5
892 212
480 81
660 218
618 11
385 79
944 181
519 86
779 184
9 220
662 112
358 194
605 181
160 112
824 5
331 64
361 74
25 90
905 37
160 22
547 44
452 240
724 72
825 104
256 186
323 19
47 32
962 152
314 223
615 137
727 195
303 87
519 77
278 25
363 187
648 11
332 100
751 56
773 177
261 28
464 186
648 113
967 211
514 133
433 128
769 159
425 71
597 45
750 125
69 214
311 216
725 245
167 225
50 190
753 162
319 217
597 69
79 64
279 194
548 212
423 66
222 199
739 69
493 238
693 163
951 105
981 175
349 147
501 250
438 106
764 109
174 110
427 2
275 57
547 72
768 71
490 92
520 228
160 114
67 204
277 119
910 7
396 111
755 248
712 193
853 225
653 26
835 181
629 109
487 27
283 107
848 22
948 117
351 209
730 19
662 108
137 173
614 134
533 119
132 97
913 234
71 65
362 155
995 240
366 231
517 250
439 114
771 136
82 223
844 163
241 107
521 229
780 236
613 164
854 96
260 16
79 183
682 42
939 28
782 54
861 150
655 49
365 27
685 48
249 130
960 91
737 82
922 118
318 34
883 23
629 245
641 59
177 72
851 115
350 234
419 210
633 175
508 247
202 44
794 200
424 105
643 160
289 64
379 208
449 11
480 77
755 120
487 181
794 189
46 245
672 66
704 54
240 63
652 191
107 47
243 30
254 135
41 42
448 169
499 146
31 80
324 36
802 162
68 95
851 113
89 22
280 144
178 122
706 181
312 164
978 156
45 83
142 85
124 191
855 224
188 136
303 11
671 104
25 238
50 125
203 240
748 232
985 27
353 43
810 17
206 139
274 1
721 166
687 94
356 42
817 44
427 119
406 199
575 180
538 226
656 240
818 154
574 154
32 28
196 91
646 4
979 170
356 199
687 42
542 144
935 210
937 213
181 195
161 107
476 51
434 132
142 1
887 67
405 168
345 202
111 92
705 89
613 162
140 151
454 33
45 240
743 231
453 173
27 215
381 3
15 64
634 9
65 20
575 71
789 21
124 1
613 181
692 77
592 81
228 45
863 22
137 207
604 89
231 131
553 111
133 170
425 118
428 91
989 104
13 129
625 136
380 89
316 71
517 158
901 244
304 115
367 190
72 73
380 154
305 35
265 39
204 41
906 233
881 246
688 245
374 62
380 105
252 48
175 19
307 177
864 110
894 83
402 215
905 31
970 61
65 234
349 120
626 106
954 108
851 142
102 224
305 84
329 57
881 105
677 187
282 142
148 175
474 49
491 128
682 62
938 98
398 138
718 23
243 23
881 93
16 84
669 71
167 99
229 149
555 7
937 188
148 85
714 122
985 56
351 18
368 141
116 15
278 185
787 123
207 19
965 223
353 235
895 121
685 123
622 240
731 58
427 128
994 141
499 81
696 202
348 165
842 65
179 221
999 68
343 58
336 58
780 40
644 26
263 79
148 134
920 230
793 96
107 37
838 106
469 136
807 66
300 250
983 229
470 231
796 63
538 233
472 169
523 217
694 35
795 193
668 66
422 210
764 29
598 101
486 66
838 144
234 138
995 216
968 214
548 115
628 188
597 99
106 119
918 152
255 212
344 24
130 118
86 143
998 35
493 233
101 81
478 186
820 222
253 37
287 152
901 165
589 99
365 47
320 32
198 74
346 143
200 225
362 35
367 109
319 211
193 21
893 22
808 212
493 162
850 30
564 102
46 4
951 160
550 20
692 99
195 139
344 144
863 205
30 81
64 99
791 108
471 184
630 29
747 122
690 199
253 105
402 150
109 102
60 158
973 103
109 168
491 202
913 205
156 193
285 71
643 75
179 113
110 58
743 209
281 35
157 136
389 58
535 247
262 196
507 86
48 217
753 140
418 18
594 175
960 128
496 102
953 26
66 164
185 161
622 67
945 130
702 83
40 89
182 153
534 40
238 82
6 93
471 25
712 65
699 171
294 46
624 246
923 41
12 107
201 235
924 247
467 227
830 108
565 113
510 99
754 99
32 111
793 2
885 4
918 83
526 212
481 149
809 153
542 172
510 242
157 35
239 225
761 170
832 76
134 91
424 137
791 57
997 84
308 233
87 78
167 215
141 147
113 51
50 6
825 161
748 231
47 88
307 57
109 138
484 94
830 9
832 120
65 180
555 225
412 244
654 78
958 44
577 172
446 228
428 20
888 27
602 36
216 158
92 74
45 76
917 226
186 248
846 1
279 2
975 190
745 128
267 202
773 93
476 218
820 153
840 59
429 191
344 144
701 38
319 97
715 87
323 150
686 20
150 214
271 226
653 16
103 21
69 125
466 44
445 137
798 34
48 78
76 243
573 26
530 141
225 96
829 47
496 14
66 247
477 188
473 231
703 75
104 124
802 69
19 246
557 67
881 104
394 206
347 69
84 228
209 160
824 38
206 69
903 123
667 232
310 139
564 115
66 167
840 219
587 108
816 144
26 196
99 22
3 195
90 188
673 48
97 246
687 154
166 192
276 82
673 188
323 236
654 138
255 243
606 91
350 23
336 228
468 185
499 72
231 88
260 153
237 106
750 174
362 165
217 137
99 139
926 171
476 79
160 82
71 117
275 23
889 110
500 106
396 248
529 127
585 38
881 71
496 233
96 107
249 164
845 97
904 123
119 130
701 28
813 124
746 87
896 134
49 247
341 194
744 120
422 180
9 155
852 4
637 50
712 135
963 159
584 117
31 202
598 231
332 160
206 77
497 101
63 45
847 5
340 192
624 12
973 235
416 75
840 154
124 52
288 188
812 121
304 92
925 151
924 6
663 130
684 11
582 246
55 31
501 246
74 226
859 47
460 126
871 152
29 96
203 67
783 116
539 189
559 65
691 232
70 103
963 106
863 147
203 19
677 203
15 250
531 123
148 92
851 18
993 129
715 47
547 100
912 86
288 220
900 80
304 72
683 118
427 147
514 231
518 42
36 134
644 66
108 41
259 208
161 2
837 125
150 133
724 62
820 113
883 72
693 38
745 227
156 23
623 21
503 242
563 38
375 206
103 233
348 112
440 8
965 128
735 114
11 60
527 182
173 12
253 115
299 247
943 204
871 167
475 124
409 139
911 33
946 116
617 43
79 159
153 43
36 137
508 46
48 137
580 220
148 82
436 196
181 128
252 51
295 78
424 55
466 187
189 161
52 56
55 130
214 207
524 249
445 31
647 243
769 226
64 166
409 250
714 191
229 215
992 125
42 17
929 109
805 118
621 106
275 175
337 238
234 110
88 30
243 86
874 11
311 188
279 72
789 242
12 17
956 105
892 99
474 172
207 28
289 179
134 63
853 72
402 188
682 92
468 26
927 91
638 238
630 166
661 168
907 172
787 214
27 178
914 250
201 222
129 240
650 12
404 105
436 158
292 117
999 9
744 175
452 131
514 81
649 174
851 157
198 137
121 224
666 136
75 116
858 203
707 7
817 213
361 2
620 153
720 220
763 65
246 66
195 112
999 195
285 99
102 84
485 74
57 150
959 233
367 66
38 74
323 206
536 35
457 7
39 28
476 52
342 73
719 138
184 217
83 219
565 36
302 151
109 211
902 169
545 19
235 82
694 159
139 81
295 95
87 84
474 164
487 167
986 205
55 170
922 239
990 88
24 143
239 234
705 140
902 250
760 238
183 203
748 72
33 43
268 119
728 242
384 214
908 120
418 64
539 191
802 130
529 177
522 17
12 227
258 16
828 18
105 10
470 103
683 105
247 53
325 224
44 209
539 53
430 206
969 70
999 122
199 129
651 220
997 14
298 4
279 125
623 236
487 195
940 21
299 186
823 123
511 218
683 49
873 112
356 91
431 206
962 129
584 214
701 80
978 100
186 6
827 58
343 63
252 32
185 50
467 8
525 79
577 207
377 199
319 85
641 101
