1000
100
100 138
900 154
213 161
496 113
594 235
625 63
894 219
244 232
657 114
839 181
206 122
7 157
807 62
567 139
504 227
197 103
216 96
858 179
609 205
291 202
189 17
14 184
837 110
165 243
723 105
275 178
79 134
686 237
945 104
625 198
580 72
50 46
269 9
576 229
963 218
431 3
484 46
936 172
405 203
516 229
159 40
758 237
423 45
473 220
399 98
167 228
271 69
125 39
827 200
768 142
917 50
644 2
697 182
423 204
736 40
932 144
432 190
483 206
836 205
925 234
404 92
564 174
12 188
565 88
388 184
979 156
585 225
408 31
258 182
734 243
472 18
238 153
59 220
108 144
27 33
128 180
476 43
456 237
730 122
676 219
55 7
125 241
981 32
271 90
713 107
582 184
374 69
438 182
539 46
325 167
930 54
346 7
846 153
595 76
876 20
44 32
628 168
272 210
51 43
549 14
899 130
299 22
301 237
55 191
634 129
107 165
183 54
23 130
309 117
955 184
238 101
466 116
870 237
825 171
279 124
36 29
855 186
152 155
774 206
697 157
585 53
673 119
959 195
498 17
663 55
450 151
507 165
118 228
652 192
1000 32
667 35
811 124
721 64
380 244
520 77
253 206
231 27
574 189
324 173
455 236
579 155
238 187
819 105
165 72
649 164
104 65
551 16
188 123
579 68
116 200
996 220
905 226
349 80
415 172
253 119
9 183
125 247
620 194
601 136
117 101
299 220
916 201
837 205
823 18
374 41
217 119
10 122
947 210
951 111
381 55
581 242
738 206
988 209
1 190
844 117
541 244
689 58
695 25
614 17
292 238
159 111
708 169
982 154
230 182
366 213
839 197
704 178
652 43
636 152
334 81
768 226
676 206
33 120
333 147
239 226
986 147
836 45
917 169
699 147
453 166
461 41
362 164
218 13
206 205
16 39
35 34
117 210
591 149
432 25
147 22
251 234
770 188
529 39
607 79
537 59
994 247
701 106
160 168
720 217
122 236
607 8
871 223
569 63
224 102
88 120
373 190
206 143
479 234
533 85
664 69
495 157
65 195
364 76
464 84
644 187
171 250
796 41
325 115
205 48
716 144
269 89
333 224
583 164
559 217
600 222
535 95
231 99
641 94
526 207
677 169
393 199
418 189
239 94
905 46
641 120
439 12
60 124
87 244
287 146
460 136
219 244
332 199
944 223
43 71
781 71
989 25
270 9
65 110
852 219
655 95
589 196
106 250
569 192
994 105
189 55
92 10
799 174
208 94
748 102
915 28
673 5
52 192
13 117
153 217
85 160
61 25
605 18
377 173
61 120
379 102
526 220
361 74
893 68
770 242
522 36
519 194
290 173
487 155
39 241
871 225
150 33
852 4
152 228
926 212
949 156
813 224
126 25
150 120
445 169
362 216
306 130
511 197
802 247
601 192
987 73
19 137
457 120
242 108
97 168
172 45
823 234
870 50
861 19
670 55
289 133
270 94
614 30
541 18
128 243
959 216
668 227
954 124
198 196
84 44
715 5
690 139
590 60
189 200
930 210
754 219
592 23
164 57
154 204
324 31
549 33
747 216
611 200
691 59
247 24
454 211
28 246
850 118
407 38
67 188
599 173
906 42
547 70
98 201
125 172
333 25
56 181
592 18
483 33
178 229
56 132
690 186
479 39
405 237
928 73
924 26
995 80
67 144
251 16
594 227
937 28
752 242
61 93
362 43
625 39
271 33
522 62
820 250
202 224
236 129
398 12
6 143
341 174
286 193
940 231
669 228
860 22
572 170
115 183
462 91
471 85
475 243
748 44
344 200
869 182
430 17
443 186
11 135
211 148
77 150
878 97
730 89
869 51
9 85
233 72
425 203
258 150
47 6
545 141
955 164
322 134
32 14
171 42
898 132
689 76
883 168
422 112
6 142
912 116
976 144
188 151
199 195
652 97
802 48
339 6
961 160
492 94
775 162
385 24
43 175
349 176
342 123
537 200
764 51
65 240
296 104
492 96
401 143
443 202
690 31
310 3
793 51
698 67
462 83
943 107
859 41
782 201
413 170
252 29
470 66
268 16
272 111
963 172
253 155
873 44
538 34
648 80
334 96
248 46
780 190
4 138
833 35
190 97
806 191
125 128
109 244
745 130
854 207
403 208
112 127
752 1
161 1
330 244
448 179
641 79
119 144
217 201
780 8
547 86
551 24
213 159
767 207
390 121
663 144
78 126
770 181
478 180
284 159
776 231
88 166
310 58
60 128
860 191
987 156
776 37
781 90
547 48
648 38
520 163
431 97
788 201
130 118
482 163
776 7
495 113
673 156
420 84
385 29
626 122
37 152
260 67
93 159
716 241
446 235
403 229
184 42
781 63
159 12
77 185
519 71
149 43
727 171
978 111
551 103
834 189
356 94
108 199
252 73
541 49
410 193
277 93
836 57
905 245
671 83
281 41
903 179
435 231
349 162
444 150
366 27
838 74
722 195
874 75
120 164
374 29
708 2
121 43
411 127
537 81
709 67
621 213
598 55
296 196
818 239
197 35
367 137
608 89
683 83
765 52
598 240
330 55
492 52
200 4
530 88
334 238
257 56
553 104
712 98
151 29
586 200
415 54
86 23
392 18
207 9
922 55
998 103
461 239
405 160
742 184
748 177
524 106
732 76
209 193
275 109
323 110
410 238
163 245
112 157
615 68
415 36
474 14
490 37
253 144
946 96
180 45
125 55
400 208
130 210
651 6
671 75
615 80
62 129
927 25
387 41
195 153
428 168
917 167
954 21
163 2
218 194
648 92
748 48
902 229
7 154
984 29
228 200
109 142
430 35
166 67
927 110
321 104
380 89
622 185
109 136
936 179
829 186
372 76
983 23
804 91
176 37
370 154
736 80
45 166
864 62
334 40
274 6
495 153
595 218
689 203
604 125
733 182
912 105
360 144
377 15
586 155
654 57
660 241
136 56
258 101
617 91
492 140
949 236
894 43
806 83
597 159
559 80
192 220
786 153
715 162
418 152
418 71
959 77
811 196
132 69
797 249
11 38
990 209
626 134
853 181
818 200
191 126
131 234
197 166
637 161
77 54
562 97
124 122
923 36
318 55
706 216
155 69
105 144
379 82
379 232
512 48
681 54
275 61
788 221
726 174
733 154
477 147
1000 202
518 25
589 187
329 147
652 85
715 109
330 93
190 61
324 54
608 106
107 133
518 246
705 243
669 40
749 247
436 100
800 55
374 241
844 54
387 97
888 101
955 218
545 145
278 119
198 237
576 54
119 94
550 176
688 70
965 186
419 2
536 218
56 11
310 149
315 196
746 54
148 200
771 193
196 150
913 143
637 238
49 107
933 200
282 121
519 98
56 39
349 193
859 155
204 168
655 120
216 2
423 113
804 46
407 249
945 171
744 183
159 42
40 193
741 173
63 111
623 221
900 221
413 8
727 218
925 132
837 140
485 112
855 140
157 11
639 101
932 132
386 192
173 175
884 15
449 49
875 71
769 24
394 33
531 120
501 58
853 189
299 88
300 153
977 206
766 217
909 49
700 44
490 122
70 225
488 120
375 113
293 143
488 186
676 19
805 28
178 158
216 226
347 118
981 175
675 246
642 83
794 91
228 135
565 149
711 52
519 86
766 61
580 4
848 5
624 152
134 51
661 100
628 109
569 108
34 243
705 27
826 100
719 53
484 33
702 47
687 72
632 202
734 211
57 81
818 180
232 201
832 245
652 210
603 220
419 238
463 226
14 140
325 233
44 161
367 97
707 53
668 190
857 151
900 15
333 69
945 65
372 26
161 125
587 13
947 108
751 159
833 116
400 9
848 193
669 67
892 125
971 59
64 77
312 66
92 144
736 138
560 209
515 72
834 204
835 30
811 187
540 245
404 189
503 2
733 24
170 124
250 140
535 166
319 198
981 12
193 68
149 105
527 15
176 212
468 10
491 130
298 132
624 202
320 229
305 154
354 224
28 103
613 164
268 33
111 100
44 155
20 44
759 46
559 185
609 26
296 99
656 94
832 131
647 3
109 53
906 64
776 35
417 240
198 36
23 160
636 168
315 155
962 73
552 20
7 160
897 155
610 52
600 191
183 246
943 143
548 200
457 175
485 225
766 34
260 140
694 247
558 8
901 121
432 54
742 41
963 138
445 174
542 44
364 224
641 158
718 40
858 26
566 92
102 81
375 112
471 170
960 130
779 111
602 63
16 93
353 229
980 149
254 21
544 118
596 184
627 166
75 234
543 140
177 145
322 154
358 42
675 67
523 204
529 124
16 45
818 220
875 48
868 128
670 161
97 16
946 224
931 122
559 223
11 236
469 82
991 76
476 165
495 100
118 23
826 235
567 143
204 191
440 71
921 212
833 17
727 130
740 9
501 49
833 113
386 52
547 228
479 124
392 223
723 112
348 48
346 16
543 152
707 84
324 127
795 9
995 21
638 235
881 241
385 214
353 20
367 1
497 197
624 240
522 97
101 119
246 49
134 140
52 192
474 125
170 120
883 165
141 123
251 123
363 135
86 67
