1000
100
1 168
290 226
230 163
916 223
459 8
773 20
11 187
644 242
533 244
213 11
59 189
492 94
222 134
280 249
273 182
279 23
701 68
850 180
82 15
4 41
375 26
162 135
462 158
228 244
901 42
607 209
481 200
552 202
935 183
802 207
364 80
480 166
999 181
697 81
446 201
973 172
476 236
908 188
643 136
283 43
279 241
853 111
690 155
813 124
587 216
183 53
46 14
70 146
694 17
828 139
467 50
662 44
638 70
231 30
57 116
175 85
106 27
446 148
431 110
123 120
575 55
24 222
318 93
720 12
211 47
502 29
699 164
323 188
85 155
967 141
770 141
827 228
168 124
375 200
585 99
671 160
154 46
483 73
491 54
834 201
453 188
82 3
203 154
190 37
308 156
779 180
649 207
657 168
581 133
117 165
231 140
676 134
185 11
559 27
64 244
80 118
431 161
370 235
564 59
271 223
715 151
652 215
358 160
882 40
42 100
454 23
489 130
8 26
992 66
52 55
662 131
923 92
291 144
77 206
203 199
781 19
452 182
983 59
444 114
98 235
213 153
109 54
384 219
79 125
386 232
782 47
613 56
491 5
699 67
813 151
617 93
521 68
376 3
228 69
718 75
656 33
580 14
336 213
584 16
338 220
247 119
16 211
174 108
818 224
424 130
125 143
222 145
460 97
500 188
768 217
364 173
851 193
538 38
258 122
303 95
91 152
65 208
464 238
316 31
461 91
910 187
835 233
934 45
432 35
334 199
353 49
973 204
344 10
741 101
631 146
195 73
649 111
531 112
848 198
393 160
640 154
949 225
489 234
121 22
18 204
822 120
854 44
573 197
303 166
149 36
413 195
358 61
305 240
172 4
437 166
516 179
922 214
903 12
697 23
33 66
828 104
435 33
647 8
582 51
25 230
586 187
425 194
497 81
183 20
585 222
936 100
400 209
915 154
970 213
28 2
28 105
855 212
239 103
821 70
153 197
550 239
633 76
34 231
758 68
501 92
539 38
793 40
996 59
943 215
373 220
966 150
176 172
214 165
24 136
234 28
583 135
266 67
812 49
48 70
219 150
263 7
687 158
399 182
466 91
998 191
663 65
590 190
486 155
604 111
893 190
388 77
676 6
393 238
656 42
57 124
691 171
631 127
78 29
410 146
721 157
86 235
721 27
925 58
182 130
418 176
69 158
252 245
163 246
584 68
788 242
692 228
662 174
207 240
54 116
987 126
375 72
861 95
450 35
653 233
664 172
408 85
579 159
181 93
655 14
911 192
755 204
271 166
979 79
507 32
445 95
509 171
916 119
265 116
505 19
348 21
43 108
605 121
766 35
714 22
900 226
565 154
929 188
421 157
16 30
290 62
124 48
982 142
519 247
109 23
867 58
543 159
915 249
882 33
635 197
804 34
922 119
187 202
908 210
460 173
239 101
735 112
250 216
753 18
314 111
143 181
669 185
441 83
536 72
967 170
620 21
704 41
491 242
94 148
201 53
320 189
5 156
153 5
122 7
22 37
470 16
967 138
201 10
72 236
433 39
905 53
161 210
945 151
202 141
400 4
295 219
545 50
125 197
554 98
305 177
384 24
443 203
263 245
814 187
82 246
77 88
650 237
298 95
239 101
985 138
604 131
708 148
930 184
844 85
781 1
114 17
274 56
219 37
902 32
223 233
629 49
320 29
887 219
225 125
819 61
114 173
191 71
570 121
357 16
955 239
266 68
5 39
975 75
427 228
958 1
210 87
651 132
217 37
202 191
13 21
1 228
795 43
651 114
15 7
481 72
495 98
741 250
989 216
426 165
943 134
416 5
322 168
738 38
307 189
330 69
311 182
149 105
224 49
821 239
157 51
560 151
399 50
502 137
367 178
153 162
663 170
166 234
338 5
521 144
193 100
314 4
531 212
608 106
612 178
344 18
81 5
771 81
555 22
217 171
551 221
934 213
641 99
548 80
353 68
325 148
269 240
753 151
452 110
257 165
140 202
535 220
207 55
402 11
928 118
33 229
690 217
43 182
417 91
11 122
10 187
19 29
677 123
429 230
482 37
894 223
989 178
544 195
84 195
307 12
914 89
490 104
657 32
285 74
474 148
547 234
334 167
762 112
39 42
841 20
931 235
845 169
514 138
113 98
333 169
609 98
109 200
201 16
333 88
191 57
837 237
290 22
653 153
884 191
296 224
562 226
810 156
496 176
146 108
273 228
378 233
427 89
682 230
604 14
817 146
172 5
882 63
526 34
567 11
576 113
837 137
440 146
543 186
321 188
895 195
517 23
177 193
463 210
922 168
576 90
563 247
446 194
912 222
329 228
84 154
692 170
40 132
918 184
67 238
973 211
535 239
585 63
784 47
273 57
464 98
499 128
946 194
821 209
267 1
687 101
404 128
270 46
509 187
729 177
777 202
240 163
542 74
725 177
223 247
734 38
196 84
416 244
527 88
702 44
441 138
496 94
118 117
639 126
304 220
905 182
421 144
94 212
967 68
639 41
167 224
931 214
307 96
207 185
285 11
330 225
648 75
921 117
942 161
95 97
630 249
380 152
142 223
716 210
642 206
353 58
429 33
874 87
980 80
623 14
340 203
341 90
129 11
456 172
171 152
18 153
900 249
554 143
221 19
205 215
974 57
374 4
839 247
840 170
679 213
785 18
767 125
709 145
737 17
317 10
418 186
412 170
435 67
62 7
586 118
221 161
174 95
665 114
193 106
533 121
670 170
241 186
794 51
331 133
817 249
142 87
684 155
256 118
573 169
125 158
639 197
69 62
291 85
528 86
940 162
706 110
81 196
397 227
247 227
109 165
725 102
353 11
858 210
878 180
629 104
588 17
51 8
430 193
444 59
528 133
721 86
344 51
883 241
27 231
819 135
896 146
88 248
656 195
208 135
375 188
239 64
806 39
673 87
333 116
896 111
498 116
798 194
768 180
286 147
161 104
281 158
351 221
655 108
665 214
243 141
753 83
704 160
473 126
497 55
491 244
17 91
359 64
534 228
494 171
624 6
626 7
413 227
977 169
334 243
633 178
384 237
760 87
647 232
815 143
389 55
886 155
997 96
571 132
73 166
52 49
421 178
305 185
6 133
603 191
625 235
619 8
972 230
447 118
314 11
112 202
917 99
458 16
944 130
147 118
795 51
416 67
580 220
751 187
352 104
627 79
940 97
336 13
327 134
880 140
746 93
693 15
691 150
280 236
530 28
354 176
680 19
243 111
841 243
547 44
346 174
872 138
770 60
900 96
45 132
87 41
474 131
157 17
281 186
502 162
565 105
189 97
976 181
207 168
776 4
63 223
927 185
110 48
846 10
496 140
141 82
32 114
713 188
130 95
975 234
858 142
838 148
488 165
829 194
332 104
799 145
428 225
681 38
125 128
547 120
119 187
553 151
652 117
690 32
313 17
117 22
908 204
920 145
471 248
440 52
703 239
548 130
315 80
667 41
457 65
410 76
251 213
78 153
931 119
36 244
135 152
765 42
457 184
788 177
783 80
81 87
170 230
967 86
560 235
627 118
550 138
943 152
702 122
406 133
491 43
876 227
296 242
371 3
28 10
31 60
89 213
647 110
443 215
446 2
301 174
369 202
811 164
354 13
387 111
497 127
904 224
206 199
715 76
303 94
85 186
904 26
148 152
135 90
218 182
943 18
707 62
720 120
327 175
734 213
887 230
942 142
953 147
693 19
722 245
113 158
32 118
683 180
621 170
769 88
453 212
707 160
375 176
29 201
202 12
413 191
343 104
582 147
500 24
17 73
621 231
731 152
848 15
183 218
934 202
657 137
15 114
898 241
141 176
441 195
39 205
135 233
911 68
379 160
342 247
335 64
228 167
317 75
181 250
895 217
451 51
205 67
266 102
557 157
379 99
101 19
553 87
501 213
654 231
225 97
977 161
660 204
679 227
631 109
476 127
677 28
427 131
446 45
982 104
451 212
702 153
480 106
841 82
421 244
562 247
841 141
259 102
94 187
828 76
147 155
952 74
284 231
704 229
775 38
434 77
749 237
479 229
93 69
560 115
164 224
213 106
364 221
208 59
759 137
885 155
394 86
728 177
918 34
758 192
821 191
268 171
678 98
501 122
416 163
338 182
886 50
287 101
372 244
409 232
233 145
386 126
833 216
654 250
601 161
442 23
954 61
693 233
159 46
456 176
958 43
857 93
694 246
795 167
341 55
898 73
200 135
550 32
452 204
781 52
966 74
824 21
635 119
253 43
414 208
70 121
852 177
565 45
422 109
313 12
913 210
687 214
197 236
495 148
791 128
700 7
553 125
27 187
743 132
331 156
339 3
526 191
679 192
87 202
800 150
565 65
961 1
528 9
839 125
157 129
354 208
385 156
82 14
445 177
395 127
332 85
879 210
627 159
3 214
360 155
465 27
219 27
527 98
286 115
472 192
346 75
1 82
83 184
845 27
610 91
5 44
676 134
503 52
792 5
367 4
659 183
780 229
960 158
327 245
375 150
38 220
327 38
801 159
823 146
287 183
588 41
