1000
100
110 151
464 35
617 144
390 90
19 159
383 119
589 136
952 213
763 129
5 230
522 242
528 214
510 80
405 26
745 18
673 105
270 136
241 136
529 130
77 150
288 209
18 126
946 72
440 208
302 194
937 73
537 67
638 149
498 145
276 242
764 199
448 34
436 188
271 215
317 98
216 206
806 233
183 2
906 123
811 207
418 100
382 57
916 121
705 163
765 230
6 29
280 204
914 216
141 184
32 60
883 247
117 41
831 50
144 89
922 204
295 191
53 176
997 218
399 53
732 15
33 238
43 164
191 58
731 183
844 12
844 226
360 211
766 43
612 159
631 135
215 27
575 17
305 174
235 203
976 216
217 110
703 112
24 245
919 4
928 114
868 123
840 79
83 207
473 46
218 103
930 182
380 107
698 36
780 34
738 5
602 56
115 54
917 240
901 188
243 180
301 212
302 242
393 237
801 115
782 18
968 64
801 199
920 248
86 199
134 73
453 235
128 169
390 147
408 40
936 3
469 88
464 123
80 106
859 232
721 242
249 40
55 151
90 224
898 175
672 31
349 227
117 78
395 7
224 53
796 159
805 117
99 120
739 178
828 199
761 48
940 9
939 245
409 130
968 158
906 242
41 4
468 157
81 214
663 157
16 61
167 172
779 15
144 119
794 221
817 54
870 6
914 58
102 174
187 70
684 92
413 224
697 130
232 129
93 247
137 211
57 54
984 187
920 127
55 214
97 223
619 216
978 135
125 182
558 61
501 241
754 15
316 52
144 48
931 88
794 67
48 202
722 32
388 244
158 44
59 107
16 177
572 95
561 197
776 221
359 128
711 215
892 27
618 35
926 150
975 219
319 22
920 142
405 159
385 165
452 193
521 217
120 194
811 32
492 87
502 203
566 65
19 208
943 238
844 118
888 68
586 206
192 107
597 96
515 84
862 68
776 234
784 247
178 196
631 21
884 234
575 200
48 195
907 92
933 102
209 70
920 146
377 111
2 75
58 118
658 170
185 36
653 70
32 182
266 162
555 1
146 129
950 45
74 208
887 108
662 197
177 81
593 155
43 196
581 202
166 239
371 100
376 126
22 157
909 139
421 65
139 168
296 191
814 221
1000 52
78 161
499 106
593 193
510 135
740 90
87 155
680 59
607 55
536 128
814 195
266 234
259 154
503 54
196 66
626 196
368 203
856 218
308 199
660 67
435 149
259 21
656 188
682 12
993 217
889 56
13 154
391 124
909 143
529 105
560 155
300 177
857 7
496 165
307 155
333 242
906 91
614 61
529 45
822 123
864 210
678 126
215 170
499 123
664 28
227 223
182 128
502 140
737 247
554 43
504 137
784 159
477 250
321 107
44 244
229 157
555 8
135 19
677 133
243 192
12 72
915 45
699 166
935 185
412 238
478 17
726 113
675 55
362 97
911 8
840 242
16 144
749 150
514 28
135 7
469 146
578 235
691 128
150 125
63 164
464 142
180 190
856 207
96 70
553 6
327 245
497 92
490 98
844 4
727 228
760 47
123 189
282 165
316 181
141 230
696 207
621 228
146 79
434 241
398 88
598 224
434 197
417 174
44 10
279 122
237 140
668 212
78 199
228 143
732 119
123 177
325 95
6 72
923 41
414 70
129 113
395 164
809 62
837 204
423 217
325 160
856 243
723 183
941 200
678 24
670 152
803 96
598 58
519 123
599 182
544 79
295 189
992 205
102 181
659 24
647 233
535 105
327 109
139 120
911 66
643 80
319 47
278 167
605 46
789 55
80 184
633 226
622 226
180 75
156 190
951 155
173 87
361 101
446 249
470 208
667 215
287 235
261 166
253 217
712 143
123 41
77 5
516 50
83 195
125 90
237 75
96 11
263 206
611 208
955 183
415 121
249 54
605 111
969 210
78 32
602 52
822 30
307 189
80 241
736 56
330 222
982 176
732 244
881 92
952 85
126 218
807 124
123 14
235 194
973 164
475 176
215 47
956 123
337 137
613 72
942 45
43 173
720 24
166 202
468 219
139 93
539 195
967 161
708 201
104 32
864 181
958 180
579 15
303 165
3 165
987 46
209 29
218 30
155 235
232 122
556 120
566 196
666 32
106 124
84 62
405 49
492 214
729 172
330 31
336 82
297 72
627 108
703 196
137 209
283 220
182 88
441 247
283 107
631 240
832 214
653 88
365 246
302 93
917 233
475 3
315 123
926 43
980 230
489 219
188 21
188 119
960 231
116 94
87 98
685 20
811 88
857 27
833 10
619 102
493 195
354 159
568 131
451 149
611 41
367 48
413 157
519 224
887 236
317 75
83 2
594 245
691 52
772 125
664 242
976 8
187 181
666 106
664 218
4 24
111 121
71 23
277 191
247 15
926 165
839 8
268 34
253 208
585 126
833 248
117 160
755 53
193 22
408 106
240 14
129 100
134 51
224 12
492 72
276 19
737 216
777 4
249 131
962 185
756 146
433 122
657 39
527 201
311 36
56 152
49 36
603 34
439 76
295 32
648 172
50 236
387 76
739 237
558 52
172 63
549 104
537 206
494 63
406 54
348 64
705 249
349 159
282 37
837 77
420 234
498 220
219 237
647 59
223 205
361 246
517 11
349 155
466 195
467 224
998 167
389 55
915 89
713 196
228 49
124 147
384 224
116 204
210 13
615 34
967 77
530 85
587 230
240 155
424 58
980 24
224 118
828 240
456 142
686 183
793 59
330 28
782 195
834 93
559 198
127 25
774 8
712 212
237 53
116 13
360 95
786 186
462 215
425 168
208 212
952 102
271 31
880 154
78 65
747 136
512 225
513 137
232 76
348 70
878 214
184 89
910 219
876 122
285 51
641 243
114 92
196 134
225 75
140 154
491 238
289 2
462 153
990 45
728 190
864 207
505 150
546 164
720 171
137 5
73 129
849 187
73 44
922 47
471 61
950 211
298 90
315 111
743 54
155 72
345 121
779 99
770 74
615 239
96 103
845 21
232 193
707 54
89 128
600 59
41 151
871 190
842 185
801 84
841 205
758 185
325 36
386 196
211 102
935 56
454 131
826 185
824 134
988 14
864 189
822 154
191 192
593 33
229 143
968 69
700 225
605 24
612 240
822 72
693 6
480 147
886 157
183 61
541 23
324 154
461 247
659 4
541 1
36 19
996 105
189 195
80 43
70 191
135 141
865 77
998 94
325 236
352 8
648 142
30 74
647 92
172 157
845 212
260 232
832 5
587 20
301 18
165 120
60 151
613 174
829 110
619 154
197 221
13 95
214 144
168 213
235 89
869 182
403 128
663 86
734 101
606 34
618 122
756 30
772 118
953 100
329 174
105 128
246 117
74 209
862 93
671 199
931 142
880 185
19 144
271 3
847 228
138 214
701 143
845 222
612 150
423 43
73 28
522 68
996 95
128 210
187 151
658 219
42 139
154 162
782 26
164 128
3 154
444 203
546 38
526 10
437 198
154 111
827 175
530 175
269 158
384 205
160 41
923 201
281 178
612 62
203 128
42 205
781 87
259 178
476 136
539 15
436 192
477 114
366 7
788 134
16 23
88 175
915 113
727 195
790 190
609 243
169 2
549 51
190 160
979 165
295 17
281 82
209 110
696 176
116 233
560 131
358 249
657 22
713 133
467 3
424 75
847 93
428 145
893 117
906 223
633 53
92 164
634 152
23 79
577 240
164 136
972 21
487 230
792 199
714 110
53 137
684 149
81 213
646 224
79 51
548 212
103 139
977 237
290 101
417 117
840 80
354 163
100 90
142 244
391 105
853 193
343 37
342 174
351 237
397 180
889 194
141 242
935 219
80 224
819 98
442 10
428 46
172 129
987 165
122 127
871 225
820 213
863 13
636 213
851 32
642 239
328 134
82 114
602 13
837 22
361 29
781 140
74 54
18 162
320 140
789 190
466 210
403 78
824 38
892 174
422 34
764 101
19 96
714 223
710 50
744 70
180 25
561 105
180 79
17 250
70 157
689 35
116 193
214 41
481 105
964 4
990 227
354 9
924 67
981 134
968 76
55 148
952 116
104 132
194 120
983 115
628 171
501 95
466 214
385 196
170 98
199 160
427 154
520 100
970 102
335 39
927 140
788 129
5 142
362 50
363 94
164 241
366 164
85 81
377 220
128 148
169 76
57 197
229 178
649 50
131 233
191 58
372 228
288 228
221 149
277 84
344 190
926 209
103 112
892 81
183 19
729 102
697 137
650 27
417 48
179 47
633 119
604 106
346 243
84 169
243 110
854 86
800 29
647 4
140 38
437 73
908 165
26 104
653 175
881 69
325 59
616 207
779 71
312 226
814 145
394 56
107 247
994 8
25 140
511 17
529 197
839 186
463 216
392 116
242 22
184 66
682 49
874 210
370 186
935 35
932 181
590 140
927 83
647 54
574 158
820 204
456 10
890 169
577 31
34 68
904 69
736 85
720 109
396 191
146 182
975 180
362 166
819 39
851 216
944 174
975 13
878 180
124 119
700 200
399 85
517 154
654 2
590 225
861 235
165 108
18 139
787 130
54 106
20 154
