1000
100
682 136
248 96
75 111
907 216
421 165
689 241
21 95
624 78
604 142
204 27
975 182
491 26
671 201
605 22
160 195
523 194
683 123
141 7
483 47
574 5
63 12
996 84
606 119
263 209
761 217
838 235
500 78
260 22
29 216
293 40
13 66
733 195
290 123
451 22
920 127
26 84
638 123
769 96
992 32
804 104
498 243
190 99
321 52
870 201
17 163
240 29
330 223
723 119
197 26
390 218
902 17
802 141
140 70
486 233
601 142
586 200
634 25
798 204
576 168
6 195
182 246
973 11
570 48
129 16
925 120
234 178
988 35
68 127
956 54
609 57
195 46
6 78
673 156
134 248
823 139
544 4
384 119
866 203
916 244
71 192
215 156
369 202
690 186
329 145
989 39
553 183
187 161
363 109
66 246
458 240
634 2
243 120
870 108
674 137
453 244
328 167
399 48
220 190
483 48
437 74
189 239
358 227
899 220
585 66
567 144
555 201
747 149
922 116
608 95
104 60
691 33
78 89
830 48
881 63
197 67
136 237
657 243
463 158
565 149
223 131
145 130
683 141
278 104
859 136
551 212
297 241
745 227
681 74
24 61
238 72
229 225
661 238
570 225
145 134
874 219
616 120
200 49
260 228
254 118
715 54
432 113
44 28
89 77
453 214
637 191
36 218
415 48
455 234
522 201
469 247
21 85
116 221
735 126
50 90
845 14
144 128
478 39
155 67
615 108
30 104
650 167
821 64
464 127
400 88
577 118
84 97
952 200
817 38
927 218
378 123
981 123
751 209
763 7
377 128
216 8
333 115
175 5
281 240
131 180
327 59
547 161
655 101
962 74
888 138
41 117
10 124
489 112
184 2
721 60
981 38
317 165
505 93
169 35
185 151
464 11
709 112
273 113
564 234
538 54
121 79
420 233
952 11
946 135
864 18
46 94
306 214
860 60
557 28
946 241
30 11
603 238
122 126
100 38
461 240
841 184
568 112
768 121
224 213
357 87
83 152
282 138
467 141
549 23
520 244
115 49
254 70
286 227
297 238
116 7
727 58
690 146
920 207
516 245
522 122
582 104
625 113
343 91
356 243
466 125
736 182
776 91
1 61
419 47
150 137
406 228
194 197
873 215
904 138
960 27
611 41
732 235
755 74
326 110
668 143
337 5
74 112
95 177
524 115
723 174
751 230
901 47
927 24
761 182
513 220
958 124
612 41
710 219
466 137
180 133
529 16
887 103
979 83
29 3
549 103
176 50
935 178
948 111
553 208
394 66
780 203
541 141
743 250
109 208
637 141
340 165
156 78
119 135
910 249
989 208
954 16
109 240
943 56
100 98
764 95
913 43
547 55
285 39
54 246
848 42
386 39
559 143
116 29
379 25
528 117
834 83
234 193
72 29
350 23
376 113
719 140
7 15
444 144
905 99
741 2
891 228
642 199
370 7
477 101
133 106
819 216
540 53
260 213
581 110
485 58
74 203
947 183
819 242
428 223
590 168
826 82
645 69
632 116
575 211
466 59
168 137
25 208
689 136
670 121
245 7
280 171
61 78
103 130
319 30
954 10
49 132
444 45
950 75
410 25
535 228
935 203
216 209
762 6
947 181
876 191
937 7
213 248
84 167
229 152
548 182
13 96
313 206
992 13
531 152
139 167
981 73
471 48
384 232
803 80
15 30
872 53
536 187
652 119
103 130
372 151
414 134
598 226
840 90
340 222
343 80
138 175
255 211
222 240
544 24
671 58
405 144
213 190
330 114
558 183
96 179
435 9
664 32
586 3
973 28
224 65
459 214
989 65
26 62
406 69
937 76
479 91
970 191
280 151
906 189
435 103
469 119
213 133
253 151
635 225
780 211
892 90
924 232
655 199
794 60
869 230
488 97
71 59
389 202
459 147
891 144
999 109
762 64
491 116
714 228
943 95
688 84
434 213
65 88
263 108
500 131
940 237
478 112
795 218
63 3
864 55
498 215
664 112
778 6
977 93
335 169
687 22
752 120
336 169
560 98
26 59
729 67
397 58
678 43
127 241
147 241
45 145
205 60
256 84
918 84
176 2
503 214
626 106
333 63
774 244
911 152
302 241
468 50
900 248
592 26
590 239
16 134
383 72
46 240
257 65
573 182
918 177
997 145
385 80
208 10
925 220
13 79
812 83
628 211
330 220
736 169
310 104
904 44
27 51
385 34
615 207
67 135
736 166
779 222
97 236
981 21
807 244
599 118
178 227
328 7
798 166
777 209
871 180
502 249
333 136
884 49
194 53
183 31
718 212
752 64
299 85
834 208
430 183
75 107
11 5
465 58
170 241
618 142
272 119
640 104
356 126
903 151
178 187
182 145
750 35
60 151
369 143
858 150
677 182
756 187
686 72
846 207
812 213
950 186
933 90
391 140
465 145
893 244
82 74
888 81
710 49
231 181
191 190
580 118
372 188
906 159
259 104
968 173
918 167
858 101
858 248
842 174
893 234
667 224
159 156
156 119
204 239
651 247
178 230
966 151
917 121
310 28
974 27
950 244
545 57
446 153
54 37
76 48
373 95
623 31
352 29
751 56
869 151
302 46
631 17
299 149
489 210
426 65
588 125
58 132
533 3
886 189
141 212
236 13
408 109
396 9
989 146
314 107
899 217
254 131
585 154
779 74
863 57
240 200
283 47
582 66
151 217
754 41
780 91
156 187
199 51
298 39
48 213
747 196
930 1
826 116
256 207
291 119
865 30
568 147
178 1
314 78
968 169
971 99
760 126
638 60
28 185
849 75
897 95
373 178
947 50
396 203
506 186
321 222
216 240
221 245
741 34
73 208
305 145
158 64
872 45
373 149
729 73
325 228
168 197
507 114
599 152
668 206
940 238
178 155
228 148
899 70
931 73
379 235
717 36
650 190
331 125
838 161
947 15
740 114
563 247
580 161
500 247
617 189
587 44
945 166
543 196
485 75
870 113
412 189
398 61
878 80
435 216
491 132
582 82
847 144
180 176
305 180
673 23
470 111
418 165
776 210
962 10
784 81
122 195
769 121
256 147
951 42
714 43
775 147
374 122
790 54
399 196
585 173
718 54
33 135
820 58
94 31
67 230
964 40
424 232
411 31
730 213
425 45
505 199
441 230
172 83
783 71
28 219
345 246
773 128
232 92
537 76
725 206
555 188
495 80
771 7
361 103
969 35
999 223
335 42
55 7
374 87
429 3
556 23
498 180
502 230
623 39
407 199
994 63
738 90
994 111
449 206
713 167
842 63
242 177
206 46
35 181
484 213
684 141
587 181
70 89
262 193
479 20
743 222
684 231
663 178
341 111
383 155
880 225
467 121
753 25
416 37
955 1
601 138
642 187
171 211
275 182
755 3
804 248
576 237
978 91
516 170
701 149
74 182
475 142
52 227
916 69
365 121
70 215
508 63
151 30
773 28
814 130
882 117
729 208
103 206
400 221
375 202
869 50
384 195
691 185
273 107
606 137
829 175
601 188
737 103
718 111
880 31
92 114
147 70
571 101
877 220
571 1
421 41
402 156
485 93
591 7
699 196
745 27
222 197
214 60
800 33
522 31
813 114
144 209
433 66
912 60
387 232
912 160
625 64
315 109
406 7
218 206
452 212
334 25
659 149
686 60
182 208
192 244
821 86
305 105
753 216
914 242
49 178
651 173
491 67
782 248
574 101
55 127
312 138
754 72
638 189
131 69
646 73
813 68
10 219
423 114
684 188
605 232
217 5
405 59
924 38
658 247
888 212
873 199
451 126
873 89
417 3
907 62
677 71
232 38
539 6
152 74
45 6
306 12
363 62
320 36
599 80
134 236
41 108
36 242
336 158
932 2
263 190
813 41
261 146
329 151
401 82
77 48
587 234
59 51
795 230
938 245
59 71
230 202
429 117
295 14
525 226
867 37
415 31
77 27
427 7
530 179
588 106
976 27
339 136
179 235
116 117
229 26
539 208
977 69
74 123
434 200
848 50
88 13
331 17
289 7
273 170
935 111
775 13
739 215
648 167
949 13
33 177
641 174
986 219
242 162
592 176
361 189
975 51
53 55
317 194
413 89
863 98
801 240
610 39
454 7
456 153
372 90
931 114
763 167
332 5
680 25
32 142
66 6
192 118
663 8
163 75
449 128
774 249
367 133
140 172
992 197
574 215
786 107
430 151
125 11
257 54
388 38
195 203
293 137
922 57
246 85
382 194
814 155
295 180
890 184
351 233
380 27
299 17
133 228
417 7
840 173
412 227
960 106
679 105
344 101
911 192
37 144
635 100
799 31
381 40
714 83
272 195
359 70
962 93
297 230
451 238
403 112
715 214
820 143
670 15
345 183
456 233
576 193
582 226
723 212
765 39
397 36
233 5
957 46
950 105
276 150
93 30
262 57
95 183
551 15
947 146
697 153
980 124
845 62
350 169
875 114
707 21
502 42
378 60
837 77
415 214
726 109
845 89
665 190
771 67
704 70
814 2
824 44
375 168
355 76
938 81
190 145
204 43
936 81
852 124
259 16
588 234
124 34
675 140
