1000
100
970 60
219 139
30 106
519 170
178 61
382 77
832 240
925 164
598 233
11 56
482 100
352 156
537 119
358 91
781 178
755 250
90 75
991 221
32 9
890 209
172 21
786 105
363 210
518 210
942 130
16 26
729 219
181 117
939 140
957 220
67 211
821 8
36 163
978 67
672 220
628 195
490 15
549 102
826 168
164 120
298 31
895 128
601 177
995 40
316 201
611 234
14 33
242 151
946 71
819 219
790 196
515 30
562 63
483 138
832 146
507 129
528 3
859 129
531 103
20 96
155 232
579 168
764 172
920 209
743 239
29 32
536 43
163 98
957 146
485 39
643 93
269 23
95 127
3 125
331 22
822 236
3 2
5 16
924 27
827 18
15 207
549 50
750 64
999 58
61 85
846 55
177 217
577 123
593 79
599 26
952 170
113 204
524 219
72 197
745 250
464 9
808 114
661 159
779 159
967 89
846 164
894 22
630 220
645 75
401 95
850 102
15 212
658 38
782 81
336 27
682 151
285 239
866 47
398 145
308 114
483 153
879 126
526 9
198 170
435 200
765 34
653 131
597 60
20 128
742 207
904 173
857 41
912 222
189 161
366 246
376 201
1000 4
928 26
114 227
47 48
426 163
183 79
645 29
740 164
509 232
370 14
256 78
656 19
652 95
179 119
692 156
569 44
512 99
569 125
325 217
173 103
130 105
533 126
486 22
790 96
105 11
461 111
89 117
879 92
313 160
460 106
315 29
399 76
877 69
803 53
638 225
655 119
681 187
244 18
811 33
215 165
896 176
275 86
144 6
427 58
267 136
163 81
266 164
759 244
584 61
47 221
887 201
339 169
240 83
789 50
967 105
316 112
382 193
549 25
448 225
332 66
213 97
646 228
760 6
972 93
668 18
916 156
70 4
825 161
188 215
62 155
319 128
368 201
320 19
577 119
595 159
184 57
107 181
285 218
937 108
912 206
977 77
862 46
433 186
59 120
2 120
126 70
497 96
372 168
114 199
286 208
209 71
867 65
2 151
532 40
110 193
245 86
270 106
131 202
143 189
673 144
661 49
816 157
996 187
325 109
135 212
168 93
783 34
9 136
536 40
425 145
983 21
730 104
479 213
657 121
753 79
117 163
479 34
922 224
822 98
934 59
559 102
651 193
487 12
180 125
551 104
371 135
977 101
840 205
665 246
427 19
177 145
182 155
530 205
129 102
52 164
660 212
867 162
7 104
673 186
80 224
142 200
460 118
550 50
924 66
147 100
335 73
597 118
978 126
322 208
477 225
871 136
686 238
150 192
443 72
230 22
397 121
971 107
840 123
508 13
790 154
464 124
977 60
343 56
538 164
763 14
388 235
502 176
74 151
469 16
824 198
389 221
420 212
429 9
936 186
373 225
941 87
201 167
248 43
574 35
559 86
151 48
321 4
723 246
654 192
262 227
889 2
49 59
713 227
919 250
764 42
77 205
480 129
973 227
171 47
864 81
234 14
379 54
17 101
652 22
644 163
850 33
266 149
193 229
375 213
330 139
754 156
843 85
34 167
312 57
713 27
637 197
540 117
852 158
820 3
929 213
767 28
995 33
28 39
363 153
2 192
893 107
98 87
692 131
253 105
39 216
881 176
264 22
394 217
679 213
970 209
676 236
88 22
120 116
561 232
870 164
174 12
372 123
848 165
753 100
121 144
417 1
171 180
124 64
147 52
777 218
112 54
555 52
825 175
667 237
508 36
2 181
297 124
303 144
140 158
595 11
551 12
613 221
43 237
636 41
890 162
8 2
567 63
553 142
589 71
128 96
458 232
129 4
855 181
249 96
190 195
606 92
206 219
812 101
955 198
141 94
211 1
197 28
415 101
521 3
671 250
450 128
481 78
233 187
361 83
33 50
28 240
642 85
208 55
185 14
604 178
710 167
178 8
296 194
359 66
946 131
815 145
861 148
325 195
334 185
630 116
586 157
708 79
593 165
736 130
781 89
807 92
857 86
99 152
279 59
319 76
542 134
322 4
133 146
198 216
682 77
184 120
835 141
198 178
157 183
909 187
624 215
130 230
402 81
632 32
389 52
959 32
787 30
35 169
278 85
385 61
763 68
930 200
810 128
729 216
412 137
255 35
703 134
515 206
964 248
487 205
799 195
986 86
76 123
504 205
309 240
16 173
159 195
372 218
424 100
934 188
736 40
222 40
923 88
245 239
937 231
295 236
527 132
673 103
356 28
307 164
768 174
87 28
619 208
246 144
910 31
581 145
70 155
787 94
594 31
934 31
762 228
266 38
212 40
242 67
169 151
231 38
574 169
566 44
126 61
938 137
693 120
384 12
376 170
457 220
200 141
500 211
970 117
601 181
758 194
748 176
94 80
214 168
998 29
563 225
941 102
862 133
722 245
746 199
414 54
418 215
296 19
926 16
385 128
798 244
423 147
420 17
226 133
536 75
763 98
50 203
950 13
335 23
859 182
471 124
985 241
588 31
509 115
898 246
94 47
739 17
944 10
33 21
142 170
96 154
17 247
958 68
111 144
340 219
75 163
592 162
755 179
44 115
396 43
212 239
339 53
5 32
812 139
155 56
308 250
561 75
98 19
994 208
162 84
176 89
848 119
352 102
649 145
568 44
39 30
533 127
82 139
11 143
278 165
550 85
766 111
261 113
981 5
422 244
940 199
82 37
67 35
740 67
531 57
111 69
86 245
946 19
883 58
764 160
472 63
745 237
423 107
451 153
611 122
897 50
172 80
688 90
467 177
656 247
86 16
918 23
760 215
42 245
522 55
154 243
117 250
581 142
607 133
646 217
606 144
119 27
224 56
366 42
585 21
390 170
139 57
192 148
521 233
244 42
389 148
386 6
999 68
397 105
700 42
174 55
936 144
81 11
449 48
904 135
819 43
54 207
952 98
206 222
182 200
866 71
199 103
428 197
921 176
154 120
569 179
925 106
322 107
718 122
155 121
507 75
266 162
281 217
861 88
40 43
639 155
965 87
508 244
386 30
919 141
399 237
569 175
695 242
32 162
363 38
385 221
862 150
485 244
218 95
331 7
739 72
162 203
158 21
446 43
800 216
433 50
555 103
225 249
594 6
12 59
145 146
881 6
397 115
851 114
62 33
871 50
854 134
855 114
756 152
906 55
368 191
104 24
395 78
874 91
935 135
649 181
633 131
788 131
598 138
995 159
171 217
810 126
952 164
739 207
316 247
261 35
39 216
660 183
396 33
773 182
417 23
113 151
6 150
782 103
890 128
261 162
696 70
787 147
86 26
353 3
874 215
139 162
32 48
696 29
330 219
461 98
593 175
499 98
176 132
200 65
759 62
476 56
234 115
452 69
492 156
423 115
120 61
628 151
358 73
282 187
143 242
784 236
18 134
685 193
265 237
610 125
400 187
180 133
51 233
303 42
138 225
258 7
637 135
760 244
208 41
32 100
134 66
437 3
449 122
695 66
710 156
792 109
93 222
742 143
954 146
37 194
473 44
52 109
531 61
103 238
203 134
439 188
301 126
190 102
349 237
519 58
892 60
166 86
281 157
479 87
655 117
382 127
512 183
587 42
596 41
779 48
175 218
838 77
445 129
280 43
615 48
850 109
108 15
546 240
274 126
678 178
242 59
406 4
492 242
795 87
33 176
236 59
495 73
737 189
804 17
83 20
814 182
980 23
946 26
13 71
901 190
850 143
101 5
248 92
599 144
30 233
319 15
893 165
690 129
103 243
645 185
614 61
468 94
83 16
119 95
336 19
137 186
513 237
792 10
180 242
154 209
724 74
825 116
989 116
597 193
710 241
980 74
51 197
917 236
564 35
932 150
53 68
437 168
656 80
677 187
322 182
747 147
6 174
365 96
789 211
140 249
553 119
822 206
918 238
441 231
124 122
732 28
792 20
445 49
100 122
338 23
655 84
521 160
7 135
357 148
197 247
646 250
967 69
705 236
908 145
717 31
868 50
558 11
320 3
810 21
476 147
895 130
582 165
142 191
652 248
88 98
346 85
597 63
903 51
548 162
797 116
192 17
768 249
27 87
103 86
209 78
334 103
60 166
517 201
208 168
50 45
368 248
731 214
412 133
617 61
794 15
927 87
781 46
437 58
484 40
995 192
117 79
794 28
596 162
728 53
182 130
449 49
877 179
512 38
163 230
598 58
245 126
644 25
921 80
184 154
971 179
447 88
859 240
967 204
254 195
608 185
176 56
983 52
586 96
691 248
326 140
407 70
516 50
946 38
481 130
544 202
308 240
891 166
582 107
971 85
903 180
621 78
337 103
481 172
448 171
21 125
811 177
694 178
828 140
465 160
769 110
463 178
702 103
945 33
562 17
469 214
196 89
894 134
43 226
157 92
897 177
967 59
955 12
88 134
651 154
793 21
264 6
550 215
960 96
599 123
112 169
689 159
859 82
542 151
307 198
94 55
226 60
965 180
424 52
665 74
956 208
197 219
65 98
535 126
944 133
249 157
903 187
66 11
870 107
13 28
657 106
435 132
518 149
414 191
451 78
366 156
