1000
100
245 70
468 132
190 172
112 225
221 103
296 37
832 78
302 73
290 26
792 8
527 78
629 94
704 91
239 227
421 72
421 165
891 240
148 80
412 10
156 234
714 202
771 45
131 72
469 171
450 112
30 78
189 158
171 244
498 159
471 20
981 243
935 223
835 184
655 246
45 60
229 8
613 101
654 244
775 123
516 224
734 45
903 25
554 73
518 153
833 90
673 165
935 209
388 19
392 42
366 187
203 196
194 168
297 200
263 71
322 28
646 157
674 150
681 227
972 51
629 156
242 153
321 28
611 60
296 3
101 13
791 155
959 86
822 5
535 84
677 106
213 174
615 136
573 147
464 146
549 195
51 41
97 121
670 208
782 68
62 234
330 102
889 38
187 62
894 74
498 172
281 210
595 145
948 167
542 161
62 192
855 215
232 202
187 4
659 219
571 72
202 150
923 90
540 211
504 183
886 1
355 167
710 51
61 157
468 204
420 131
396 24
345 229
577 32
232 87
852 52
658 53
54 182
495 93
393 248
377 28
350 83
796 161
384 107
420 203
162 89
83 57
112 30
888 41
663 119
627 14
273 35
918 76
216 162
270 210
761 146
590 110
729 135
521 214
593 190
666 5
130 248
663 93
879 50
633 41
669 10
406 43
896 74
618 111
735 137
423 98
884 114
309 112
748 79
427 91
120 92
447 101
192 109
194 70
659 76
611 179
437 16
971 82
691 190
795 28
826 69
625 61
932 183
25 179
114 201
371 85
543 169
186 234
278 129
803 38
556 15
318 243
133 38
676 73
227 220
600 154
390 224
464 71
509 238
352 122
291 74
558 83
243 243
918 122
121 220
159 29
837 226
21 219
115 48
143 193
870 243
448 9
318 161
580 178
751 181
151 143
4 209
225 246
451 142
469 174
213 229
952 49
806 74
369 170
371 12
964 240
606 161
499 25
674 78
453 26
360 103
168 113
311 142
961 12
885 179
685 199
408 238
850 213
311 218
485 181
81 198
921 38
859 169
313 134
848 15
659 207
719 76
921 30
569 233
143 55
662 179
253 171
166 102
985 78
672 71
508 104
269 30
142 229
550 204
714 147
570 122
955 38
549 126
669 219
108 163
273 121
341 127
893 108
331 230
685 2
50 193
457 170
324 98
148 124
403 111
270 74
584 77
964 132
452 234
600 161
147 224
384 89
101 128
697 181
857 233
784 9
277 240
928 101
190 178
474 194
640 95
620 224
671 83
707 224
918 159
385 64
882 120
903 232
99 201
764 58
683 47
566 210
139 243
560 78
272 135
623 162
479 242
487 150
176 193
623 94
203 109
509 85
830 161
418 179
713 182
236 146
80 153
707 218
645 118
897 167
2 20
180 82
761 166
981 39
858 206
382 61
314 140
497 144
653 16
424 115
447 159
112 129
163 170
96 57
787 95
75 140
864 4
324 226
271 54
616 129
259 247
541 175
239 139
420 243
654 93
959 203
853 71
331 15
240 28
173 129
474 248
870 87
853 193
665 124
849 30
604 209
629 246
383 219
884 52
461 139
644 169
341 98
489 23
862 81
153 35
811 126
634 32
315 88
225 81
961 175
610 166
883 90
763 16
808 248
419 18
887 165
687 79
262 27
954 124
959 106
510 121
83 245
153 249
332 229
79 145
153 41
560 35
630 73
652 188
320 71
57 58
837 243
137 98
622 90
573 80
547 184
701 231
928 205
730 10
933 58
256 85
200 65
471 80
489 225
619 161
897 175
718 233
770 206
182 141
647 5
322 193
540 124
526 218
578 5
79 10
414 84
946 114
500 19
443 239
243 61
501 139
87 218
223 106
776 154
598 172
510 170
967 50
293 242
517 121
746 197
380 159
280 178
772 131
446 66
119 188
978 119
178 65
189 2
272 214
507 120
385 17
789 101
418 183
842 36
303 189
232 35
450 113
712 73
993 9
139 214
548 218
82 77
884 122
828 156
937 84
377 72
702 165
24 119
597 218
404 2
156 237
638 105
849 99
530 92
209 168
305 6
487 238
832 121
712 159
878 148
344 4
969 46
770 95
516 218
562 170
969 69
258 106
26 107
306 55
300 14
574 104
621 60
693 202
782 154
462 159
52 158
264 122
555 33
716 70
751 129
341 71
50 99
29 177
705 186
333 4
552 8
959 172
669 3
976 201
407 187
461 60
946 225
181 250
109 249
570 211
229 160
634 28
860 162
56 64
699 138
919 250
645 229
774 166
232 249
116 138
537 76
447 233
652 229
334 11
227 153
323 206
165 206
85 24
617 141
940 168
880 210
917 127
439 42
542 22
142 9
11 31
936 59
865 88
787 198
700 14
101 22
821 15
978 7
640 196
397 79
965 129
789 234
505 79
275 148
600 167
406 110
799 91
418 163
280 56
860 229
921 62
353 241
928 182
998 68
979 246
498 194
374 138
177 230
216 53
979 167
219 134
128 17
77 45
31 106
101 141
335 21
202 39
114 130
720 213
49 50
560 46
993 184
184 21
515 1
324 244
270 144
229 147
263 55
294 43
661 144
535 97
766 89
737 231
218 58
693 118
857 3
163 202
538 198
722 154
801 147
249 70
643 80
466 155
134 9
549 146
504 186
844 122
524 80
852 93
387 147
710 244
501 122
445 140
922 18
145 222
267 246
143 159
575 108
165 208
719 213
206 222
148 49
195 171
629 149
763 15
647 74
610 147
48 156
888 219
276 134
42 42
129 184
450 203
143 114
763 213
678 218
435 178
16 231
848 246
379 213
363 25
786 74
523 185
730 12
153 5
146 46
898 24
81 97
977 224
312 91
436 91
58 222
518 175
203 116
773 183
680 135
310 67
810 82
2 141
594 6
247 239
52 144
364 132
842 192
707 5
782 245
846 89
68 113
616 122
728 138
555 9
874 114
928 183
47 179
574 140
786 70
730 87
964 94
321 157
785 129
662 169
225 7
757 43
869 122
914 199
111 70
707 234
683 236
19 230
914 92
721 52
763 53
240 78
896 60
235 32
291 146
950 15
402 59
807 122
782 73
570 143
892 129
228 177
614 246
656 130
189 228
931 202
530 170
29 27
82 13
161 122
510 212
238 161
872 147
885 154
469 204
898 110
82 227
286 48
723 43
927 13
373 107
214 152
26 243
31 209
857 191
182 117
652 170
629 126
816 115
529 136
319 28
995 2
254 133
799 78
277 225
591 149
933 156
551 61
750 81
769 209
123 201
677 126
722 55
1 139
170 131
524 90
658 18
591 14
502 242
943 29
818 135
427 1
41 79
413 142
909 33
100 133
835 26
509 56
433 9
444 204
742 217
793 149
837 235
14 190
476 207
468 44
193 247
396 233
575 58
727 86
340 76
218 175
602 226
82 34
587 26
987 78
844 131
78 32
865 92
722 193
400 189
338 194
435 233
529 10
892 5
845 83
80 62
109 33
140 191
66 78
68 154
405 13
534 84
295 1
277 16
443 176
556 132
972 241
864 250
352 107
754 48
689 83
961 150
866 202
692 33
529 9
39 183
373 174
767 167
26 43
682 218
71 90
599 42
580 64
893 33
272 146
830 211
830 142
462 47
594 153
682 122
263 220
407 135
995 25
654 21
567 187
488 239
276 189
382 207
604 24
489 126
271 170
188 101
812 149
499 7
153 180
878 165
251 136
401 246
160 54
266 227
741 105
67 16
895 51
223 101
426 63
726 197
733 15
149 146
265 147
652 167
827 131
183 179
517 83
674 176
637 189
754 229
396 173
96 40
973 68
140 148
733 217
94 215
481 242
712 245
241 113
161 169
595 93
847 111
278 21
139 16
811 244
994 206
416 89
848 138
759 237
138 241
204 83
307 36
825 18
781 167
732 43
835 178
988 181
141 117
553 29
882 114
522 227
921 188
315 18
677 175
755 64
267 60
397 73
697 73
590 227
989 173
122 175
351 211
855 241
77 158
121 208
123 142
184 43
931 100
811 108
275 167
773 41
578 21
466 24
445 157
103 183
80 76
959 32
36 64
624 112
573 244
421 195
737 104
89 168
805 1
627 181
519 1
324 96
272 39
722 216
195 176
501 126
751 209
407 36
624 132
249 196
125 169
242 112
624 183
529 178
933 7
859 54
257 34
251 28
322 222
596 118
499 96
494 249
906 2
386 30
634 236
77 8
654 171
971 129
353 101
409 137
357 119
440 114
152 191
493 223
14 190
340 13
887 185
113 43
437 101
674 172
836 102
531 92
772 2
822 226
352 230
465 61
848 6
26 101
298 120
823 164
310 15
176 196
51 140
340 237
490 13
908 178
467 41
519 238
292 90
66 245
922 132
407 19
137 182
120 185
654 44
98 213
160 125
510 211
616 202
49 106
566 59
135 32
99 153
622 242
344 39
88 15
920 245
386 56
278 107
842 181
502 189
245 14
915 107
224 31
308 124
988 225
932 122
257 132
126 128
123 71
916 63
438 187
57 73
242 186
31 84
617 32
374 213
897 39
671 120
171 228
96 158
203 27
631 61
761 108
40 235
928 57
797 115
493 103
