1000
100
771 178
433 172
203 6
311 52
317 103
516 43
50 49
849 225
573 45
831 133
175 63
563 112
919 5
249 243
272 45
870 42
574 154
66 128
159 126
31 78
580 47
222 130
447 70
456 122
864 138
754 39
950 168
752 118
274 250
462 45
396 81
939 72
337 4
449 245
731 230
322 60
378 44
291 74
965 98
195 181
735 50
219 184
319 72
904 93
673 115
137 68
48 177
389 134
782 190
230 12
669 52
174 46
447 214
221 161
562 18
591 148
419 161
332 238
834 87
330 6
303 68
926 202
597 64
437 128
503 167
890 23
570 63
920 118
878 243
130 41
612 73
439 30
233 122
119 67
60 50
924 214
970 99
416 66
515 102
943 119
870 184
892 41
598 163
158 226
655 38
618 16
360 158
648 194
529 118
362 190
918 138
654 137
486 69
804 250
272 98
369 244
282 112
284 129
774 44
706 31
433 74
46 144
731 45
87 112
163 51
551 182
438 204
670 173
624 223
275 248
570 245
741 101
958 126
82 231
169 37
863 101
110 11
744 193
305 183
804 69
983 206
250 22
910 169
46 135
391 70
132 63
666 224
163 123
600 244
706 18
31 68
721 242
828 66
684 235
998 89
303 82
545 53
103 204
471 1
690 214
820 72
526 88
45 40
460 246
284 17
764 166
437 86
509 14
651 45
100 1
383 153
332 177
307 37
732 27
287 172
342 208
595 117
647 241
907 209
987 42
975 102
207 161
937 67
27 189
611 228
939 244
880 123
920 38
761 4
315 149
425 156
208 19
875 105
361 31
313 97
322 139
448 130
50 236
946 178
675 159
257 215
902 137
939 173
674 199
176 90
97 202
348 55
322 222
159 183
354 73
29 175
461 79
906 112
564 203
641 90
111 148
555 114
386 243
537 161
192 64
751 140
16 200
296 87
23 204
371 126
628 150
402 89
228 57
950 143
509 193
733 120
840 37
983 225
131 121
635 72
287 237
314 52
538 109
990 60
415 111
287 42
112 188
482 191
346 34
833 105
726 65
826 65
851 160
141 84
383 127
655 169
216 70
970 3
929 61
665 195
23 201
88 134
991 70
824 86
353 157
542 180
573 117
346 26
879 236
109 11
964 115
929 179
435 250
932 215
560 198
409 185
898 246
68 240
417 244
928 121
252 219
550 74
188 145
599 66
732 207
326 48
822 106
226 6
855 9
322 16
456 82
700 206
577 120
945 96
363 122
466 216
341 16
789 130
262 138
945 96
94 122
393 17
227 220
874 183
479 195
550 184
276 102
991 205
721 186
550 185
807 15
400 249
382 40
378 246
927 174
693 123
647 187
991 225
406 115
657 236
411 59
522 39
160 12
243 232
447 144
18 106
510 167
104 244
956 84
239 235
859 33
959 6
719 199
730 124
165 239
360 76
297 131
614 206
392 208
687 191
703 204
796 212
472 1
807 29
84 147
365 45
679 73
800 147
272 29
521 186
267 232
363 63
112 78
370 105
535 158
45 89
111 192
153 184
443 209
65 128
356 179
172 136
104 221
783 227
852 155
514 118
886 127
33 99
204 152
555 91
810 100
31 22
791 183
558 85
494 122
463 99
402 236
586 107
309 118
583 160
374 97
277 9
325 161
959 130
63 14
322 122
465 103
143 107
887 52
192 130
673 6
580 177
343 166
283 151
533 218
810 9
666 189
869 92
99 78
221 161
693 145
384 157
247 129
763 235
930 56
865 205
311 194
733 154
609 15
656 244
584 216
752 249
256 120
590 104
447 163
867 241
57 102
647 155
480 12
139 12
67 3
716 230
447 198
383 157
814 38
900 250
855 3
998 110
623 190
816 171
102 34
912 10
635 160
164 115
671 154
228 238
657 193
467 205
742 201
861 157
590 113
656 47
115 6
906 89
945 73
862 148
106 23
907 241
682 70
207 103
723 184
442 231
728 10
537 71
460 250
79 151
862 87
197 78
92 205
769 138
527 130
785 235
402 43
725 185
112 33
139 186
68 80
269 147
839 55
967 150
906 147
51 17
483 247
447 176
53 215
313 80
196 199
564 199
491 140
383 204
274 124
492 91
453 10
487 144
916 55
645 72
553 47
940 36
646 238
961 198
304 126
277 249
426 192
447 167
183 80
222 206
703 213
148 7
472 134
502 240
790 249
561 93
545 250
730 190
238 42
888 41
667 16
392 93
60 88
361 242
19 82
50 73
295 197
932 118
831 183
857 222
931 19
666 78
269 145
17 108
437 6
750 205
124 141
899 183
331 9
776 99
193 75
774 237
22 205
956 204
137 63
175 170
581 193
599 201
587 217
410 23
223 12
478 198
652 126
232 84
987 7
683 179
184 206
17 205
512 222
760 148
136 184
419 69
126 119
269 65
336 31
87 160
542 166
607 45
644 88
879 130
196 163
808 129
720 176
935 231
147 194
230 33
980 1
351 105
369 221
521 204
353 108
613 144
875 219
439 18
408 169
499 104
581 158
334 152
833 19
882 230
962 111
614 191
111 66
398 230
638 168
535 241
877 148
884 104
718 174
973 126
694 222
81 126
481 16
277 64
386 158
645 98
621 110
640 231
925 139
562 62
659 199
904 137
596 140
990 165
813 65
790 109
786 222
484 118
340 11
931 225
918 177
424 140
536 64
621 210
804 34
374 212
982 27
349 179
416 190
594 81
4 235
439 141
309 24
759 148
34 41
372 54
968 148
193 105
211 165
667 14
51 40
828 134
668 28
313 84
217 8
16 73
992 56
65 152
79 175
299 215
216 23
768 35
170 62
741 232
477 157
97 27
446 26
910 114
803 74
549 122
183 166
944 175
73 8
178 3
183 227
967 250
851 86
636 122
398 126
455 226
783 153
752 80
179 13
45 231
939 195
352 121
860 147
647 182
7 75
435 189
653 3
290 105
839 27
578 88
652 32
813 36
934 166
366 214
280 160
445 218
355 148
691 66
795 87
850 51
513 136
341 17
388 232
371 78
258 198
165 11
331 227
47 117
244 14
80 24
525 126
741 231
24 33
797 170
472 248
322 234
633 14
853 122
995 223
950 104
523 114
864 205
443 12
821 186
25 151
561 50
128 154
132 151
436 30
672 157
277 243
243 159
6 95
281 102
669 82
955 43
47 171
748 239
432 170
527 207
172 189
358 50
92 239
450 28
121 122
434 147
466 176
658 222
122 188
823 41
519 130
333 65
300 182
406 231
352 34
539 23
722 248
822 64
89 124
693 209
97 126
605 62
154 12
33 25
551 208
417 171
689 102
338 238
533 95
70 134
378 211
759 201
208 80
616 46
555 58
504 151
434 211
213 189
722 97
565 125
156 84
45 94
435 132
183 217
476 3
203 205
565 63
656 22
244 123
68 49
931 173
449 216
383 13
654 207
610 70
81 117
903 227
313 87
859 245
656 186
99 210
891 163
522 148
435 117
520 104
915 200
128 216
165 113
80 170
319 41
740 1
158 244
227 220
331 187
316 88
123 165
899 115
429 22
262 215
888 31
420 155
583 48
222 99
410 51
621 80
342 212
182 101
705 158
672 137
197 237
76 171
753 224
35 182
745 46
748 133
428 168
139 112
715 110
461 226
660 183
555 103
144 236
203 98
495 124
235 191
213 60
361 215
636 247
498 130
394 246
364 174
413 2
535 229
213 97
954 225
779 110
577 172
947 132
122 191
357 208
484 69
369 196
886 4
943 133
736 188
980 99
861 244
953 146
222 17
94 27
741 123
386 170
146 82
801 17
125 9
326 108
430 195
155 65
698 199
49 183
137 131
884 247
124 188
744 198
704 88
224 195
62 110
114 59
293 16
178 167
774 3
376 203
197 31
869 247
979 20
31 115
650 164
464 23
453 207
470 157
396 46
953 207
7 168
16 49
683 193
716 58
47 91
11 244
973 231
842 202
500 122
418 149
138 131
274 90
440 95
98 85
140 50
292 146
467 159
445 1
203 12
309 249
954 171
844 177
901 185
230 151
909 147
901 46
880 26
987 69
621 187
153 112
838 46
258 55
454 54
157 8
917 215
257 120
135 202
148 138
137 127
140 147
376 142
442 5
918 30
925 38
568 77
649 156
225 8
62 30
663 218
38 79
35 146
801 21
97 50
908 233
677 149
981 52
791 172
658 208
554 82
597 121
10 97
526 234
207 87
264 119
157 51
800 191
946 202
711 144
251 119
979 177
17 209
330 159
733 89
866 36
920 212
758 32
411 136
515 117
574 28
485 230
430 136
272 227
587 233
121 88
953 99
764 71
57 196
480 39
784 95
426 56
159 36
337 69
171 203
185 244
981 21
826 12
657 97
841 243
79 211
80 133
411 196
704 69
993 183
960 128
879 135
535 37
272 121
957 192
74 243
538 156
866 215
519 22
811 109
116 242
319 48
976 81
743 179
900 87
861 211
214 92
595 249
480 219
971 39
660 146
281 49
153 146
263 172
19 176
30 135
19 201
34 244
133 128
673 134
214 135
594 29
976 41
879 58
759 100
596 168
597 228
319 250
374 81
773 244
