1000
100
848 182
144 96
630 248
375 4
821 110
116 36
421 146
34 120
26 161
880 234
358 168
262 113
511 129
363 127
377 23
957 224
705 101
171 84
598 46
189 21
405 54
56 177
801 191
547 178
601 28
161 208
695 24
173 57
4 137
183 131
410 139
604 114
591 127
799 189
672 237
311 178
643 218
604 45
158 2
973 111
631 235
68 177
259 92
233 114
479 17
994 240
906 200
705 98
76 105
36 99
193 198
526 187
415 231
982 175
335 56
35 215
142 204
642 2
46 124
366 126
641 211
467 148
660 171
97 87
377 133
185 69
182 62
756 199
895 89
873 229
746 157
545 137
712 38
991 7
764 208
984 6
418 52
5 78
972 101
164 98
585 201
269 17
114 24
715 8
464 87
588 209
845 133
447 56
22 187
665 35
144 250
540 62
802 44
991 125
645 6
825 81
558 93
347 172
468 163
679 181
351 119
139 195
751 85
103 22
374 17
909 17
118 198
430 169
344 22
396 90
278 220
920 187
664 119
858 131
31 139
413 132
507 51
928 109
487 30
732 110
148 140
729 16
440 10
536 33
634 181
474 13
502 143
449 17
11 57
999 144
195 161
775 201
313 202
309 50
732 40
11 231
32 91
496 221
601 134
605 86
666 78
848 20
822 46
36 185
602 35
578 148
797 204
200 110
405 8
909 238
900 21
719 181
362 66
753 64
949 107
899 217
434 246
486 5
393 21
439 245
907 118
494 204
71 194
813 78
553 73
315 54
343 135
86 56
303 88
721 103
194 221
569 229
68 54
586 211
927 126
455 83
744 50
536 64
993 200
993 148
772 160
701 217
44 37
874 198
624 95
301 170
917 221
148 235
275 233
445 53
109 1
385 102
550 23
17 145
972 10
792 96
21 242
914 64
630 139
114 4
85 16
775 2
986 172
986 112
7 180
164 115
680 151
318 81
173 186
475 246
47 118
943 67
110 208
483 91
347 96
696 181
713 220
432 198
392 167
310 250
198 75
864 229
725 33
810 147
570 136
745 117
254 187
35 215
895 17
805 93
464 1
23 176
970 205
874 213
223 35
462 23
359 177
1 84
561 60
332 131
798 76
99 51
115 133
765 111
650 171
953 215
421 225
641 243
781 116
807 106
752 121
128 110
649 128
545 210
290 229
692 87
656 40
489 20
922 3
130 173
525 184
388 196
761 130
40 143
245 96
248 246
818 227
457 217
207 2
28 246
582 219
934 237
508 172
7 31
26 238
56 152
274 193
199 34
822 238
926 168
436 26
413 3
604 221
719 60
574 98
657 155
816 192
392 175
715 250
808 92
589 113
994 112
305 192
895 228
430 173
895 217
50 159
469 153
879 40
815 203
637 221
607 203
765 100
479 229
99 36
571 188
148 64
901 54
107 46
633 36
320 129
104 221
537 73
373 18
464 39
220 100
10 178
904 24
880 235
604 228
20 174
17 20
89 168
675 196
65 160
83 236
538 187
456 75
111 180
842 74
719 163
673 80
942 179
853 71
663 58
151 34
982 19
905 70
436 80
617 102
239 200
587 26
238 144
202 98
574 145
921 144
159 195
723 101
225 177
921 137
734 173
273 215
942 177
137 229
108 105
581 96
804 19
474 143
265 27
740 88
774 12
481 182
309 55
32 33
481 55
772 214
79 44
281 20
572 19
749 180
873 181
25 29
199 100
421 65
877 161
4 150
524 86
933 82
390 67
365 120
621 238
436 199
883 68
71 204
836 69
133 208
851 10
88 151
359 9
216 87
21 219
588 44
55 21
376 194
837 92
666 59
579 101
859 211
168 31
266 105
451 149
414 51
908 2
702 118
10 167
205 132
487 144
925 41
16 152
985 204
743 2
364 173
454 223
485 223
855 1
327 56
149 240
606 158
593 57
25 204
575 81
335 62
725 10
954 92
911 188
296 6
291 159
678 244
233 15
716 88
265 42
393 15
134 100
524 78
9 48
32 185
481 218
996 205
977 200
648 240
239 193
245 30
954 24
625 38
788 91
625 154
734 119
520 219
71 43
297 79
591 180
13 71
397 111
627 226
310 126
965 150
569 61
781 124
186 156
411 76
98 138
729 183
756 249
402 76
643 50
256 85
81 19
7 227
629 235
202 40
611 18
541 31
430 174
404 116
79 166
293 28
553 21
710 161
621 213
838 116
864 94
200 194
714 207
421 194
191 224
335 51
844 125
683 125
548 86
240 228
252 134
857 156
905 67
816 127
381 154
492 245
99 192
188 62
250 210
857 190
934 191
593 129
65 25
753 215
713 95
942 66
228 151
823 234
69 139
361 199
644 204
693 94
247 233
257 98
192 113
640 227
303 232
605 117
858 210
683 172
54 227
589 31
127 162
117 195
402 79
643 147
32 188
490 131
920 246
478 213
858 117
940 12
700 146
230 160
605 163
183 158
889 22
291 15
535 157
209 186
587 203
332 220
890 173
600 161
270 180
624 127
546 165
990 98
810 219
859 165
131 41
424 121
812 214
385 96
472 195
633 58
500 214
380 241
488 229
254 7
760 127
235 56
143 224
255 202
443 113
718 175
153 142
296 67
855 32
14 179
329 147
88 180
962 217
920 200
798 173
558 57
401 43
214 43
16 70
847 60
932 64
87 187
705 132
753 162
765 118
942 195
764 131
624 78
848 44
527 247
68 186
553 71
228 119
715 96
938 61
757 222
477 93
658 33
576 12
444 91
879 237
785 245
118 159
72 67
304 200
313 223
385 217
543 113
687 8
560 125
170 66
846 146
159 105
179 234
616 224
426 244
711 63
840 180
323 161
496 126
860 160
348 245
376 243
209 63
852 120
39 21
435 236
19 195
90 197
31 205
522 206
550 84
18 140
763 90
652 8
317 12
417 17
108 145
611 168
559 212
787 97
482 221
832 250
518 171
48 48
977 172
3 26
505 123
267 18
64 169
525 233
782 44
101 241
438 211
908 98
172 46
944 5
266 127
505 135
47 154
682 125
825 185
252 182
409 19
949 222
789 75
556 172
470 156
162 9
366 171
606 37
466 49
542 83
675 148
218 73
653 149
447 80
935 199
511 93
569 61
167 107
635 222
630 207
378 41
715 243
211 71
632 176
221 25
758 146
922 225
320 176
226 119
755 160
169 15
855 237
427 21
445 62
94 74
518 221
216 232
566 176
904 49
453 125
73 210
372 96
537 43
623 12
161 128
273 79
994 127
417 171
499 111
834 93
286 203
415 1
286 82
278 190
880 230
314 54
292 37
1 78
79 124
941 240
1 65
920 96
692 87
766 190
549 201
134 187
653 49
39 189
880 67
128 112
398 43
415 189
181 166
868 9
39 160
850 141
725 122
736 18
458 104
309 108
804 193
896 59
343 185
747 222
251 226
333 148
370 100
689 50
515 56
160 155
716 10
647 42
131 132
559 190
587 219
649 243
661 45
551 3
479 149
577 81
874 11
80 243
360 120
144 226
676 53
130 243
664 26
534 146
510 194
85 198
662 234
190 175
630 92
29 210
740 105
892 113
218 73
207 77
443 202
803 118
357 34
212 20
412 245
166 171
188 102
368 201
687 160
875 66
1 154
127 241
508 18
705 77
341 14
654 33
317 58
252 173
91 213
693 2
559 210
774 246
811 244
298 248
403 173
813 153
76 190
495 185
309 52
12 149
815 17
783 131
824 34
156 16
848 98
120 156
57 245
503 219
738 51
716 140
973 131
895 150
820 241
334 230
292 197
129 208
713 13
941 138
649 96
506 246
295 125
902 203
221 6
921 209
556 137
450 130
517 196
279 188
437 215
519 80
661 147
890 226
262 182
965 160
277 220
405 173
446 158
625 167
414 147
977 71
885 176
553 3
474 81
792 160
147 61
341 160
309 230
885 70
411 201
479 39
671 236
313 218
245 187
134 10
186 110
331 70
888 133
823 111
65 216
622 212
276 64
371 85
896 107
506 158
807 235
697 79
572 9
297 66
298 180
826 85
892 8
904 131
742 78
843 56
44 214
369 171
777 91
255 172
697 11
330 106
97 128
684 168
738 230
835 137
762 12
221 5
519 227
487 112
906 79
770 51
792 138
972 170
581 78
944 129
338 125
484 36
354 20
805 91
851 140
830 214
3 152
320 124
230 56
485 136
134 4
788 27
744 9
197 74
337 242
952 26
116 38
164 219
307 218
911 9
959 92
473 212
494 42
187 223
598 171
210 83
277 248
360 20
756 56
695 194
399 146
822 14
785 87
334 91
304 96
952 115
688 174
928 181
567 114
903 164
784 113
247 162
462 106
431 69
513 125
365 161
123 186
776 157
874 109
350 177
56 51
791 243
724 70
923 40
183 178
806 217
642 154
378 103
361 161
671 225
637 137
487 9
572 12
18 47
722 117
974 27
19 116
520 242
186 44
383 118
323 40
686 214
295 166
418 155
928 191
231 64
827 217
675 1
978 44
547 51
410 20
828 178
988 199
521 25
844 5
244 167
147 32
130 191
49 150
448 226
340 178
891 166
747 167
916 224
960 213
