800
100
699 151
922 43
793 138
89 140
936 129
997 13
939 191
728 62
491 144
32 28
548 35
374 4
457 51
90 22
336 199
240 34
301 161
276 45
499 117
384 34
445 133
198 135
923 125
349 165
820 132
993 120
967 118
123 175
320 164
396 7
362 35
41 62
148 68
106 198
736 90
431 132
574 180
267 48
256 167
612 75
698 156
794 64
674 68
790 145
831 185
352 192
172 144
205 119
411 111
316 147
152 98
30 125
429 96
924 84
262 135
110 160
491 56
975 116
523 165
212 154
301 163
897 72
306 102
142 69
764 9
567 115
906 196
991 86
244 114
721 57
800 31
168 42
438 143
157 112
259 169
17 159
283 114
31 141
15 172
9 178
981 127
44 38
874 186
276 117
651 196
974 50
178 141
92 15
635 200
279 93
320 95
452 3
208 34
543 174
357 103
703 89
181 98
927 54
483 2
523 133
549 48
935 127
340 26
693 175
625 171
867 97
266 70
899 25
503 193
399 12
47 53
900 27
551 178
632 33
379 154
518 80
1 52
6 141
829 98
667 5
669 85
101 134
555 199
110 9
143 108
620 189
961 120
767 63
697 199
247 28
904 164
59 57
567 64
949 195
113 15
200 181
851 100
66 157
651 176
166 193
35 137
334 147
8 100
209 57
850 56
836 154
571 94
10 138
309 158
532 21
924 83
202 174
735 19
531 185
146 48
529 181
184 62
879 144
314 88
952 163
895 187
268 17
32 77
954 140
586 38
760 109
920 113
283 6
284 13
390 29
860 71
609 195
484 40
290 197
927 41
312 173
27 179
989 10
208 95
749 193
132 61
302 3
525 136
409 8
748 150
589 159
420 149
705 56
388 195
404 66
235 115
838 14
646 179
23 53
473 124
997 156
336 50
710 60
585 118
20 84
620 8
994 191
156 99
646 144
45 50
561 79
116 199
244 161
929 67
965 1
742 162
708 77
611 17
288 148
887 59
231 106
618 25
896 174
275 142
669 119
591 181
597 106
979 193
819 59
459 135
11 152
96 118
980 59
135 67
958 21
278 188
526 95
764 173
20 38
314 40
356 56
621 105
314 199
497 84
210 107
618 20
210 66
938 189
476 72
807 33
444 84
620 121
979 136
93 150
773 7
390 81
14 10
785 127
960 33
810 169
291 28
389 100
845 126
40 120
749 46
752 192
282 123
512 12
458 4
961 31
362 150
63 176
359 199
54 119
831 64
487 73
643 75
972 87
552 163
158 100
208 109
843 89
631 106
100 41
310 61
23 23
762 85
398 121
283 4
439 65
667 77
937 61
504 60
499 7
622 56
707 181
916 101
670 98
607 121
338 68
533 160
290 95
796 40
415 78
843 5
542 109
833 30
521 136
89 19
743 62
26 1
243 141
701 64
838 59
736 128
926 69
887 16
563 83
255 129
112 97
885 6
957 117
835 29
405 76
847 99
337 24
651 131
516 103
546 105
362 82
232 87
550 71
854 64
505 108
144 16
556 28
621 112
96 8
340 52
83 138
702 171
113 152
54 28
407 199
333 168
880 164
406 181
34 60
596 138
367 91
506 123
470 78
786 166
285 78
769 167
15 71
490 128
822 143
755 180
141 39
347 173
3 153
505 188
364 53
278 130
543 183
4 13
260 142
930 97
619 98
615 185
168 104
112 142
998 19
921 139
657 20
863 11
724 119
399 87
171 28
168 66
810 124
78 21
665 7
669 83
56 84
267 176
387 131
269 185
949 141
875 157
160 89
968 83
807 118
321 130
745 89
395 106
12 72
678 76
830 147
310 37
630 128
812 168
658 80
104 158
621 178
915 132
66 34
367 25
303 87
554 199
175 100
656 138
123 133
213 104
679 74
540 60
802 104
28 11
135 131
769 155
461 35
239 78
620 5
454 122
291 159
672 18
658 127
355 180
659 120
83 90
793 23
701 146
326 80
757 60
563 125
567 23
911 157
252 130
761 106
803 3
64 74
220 122
800 175
853 10
846 136
499 190
910 200
936 187
279 44
398 41
568 116
215 30
472 19
359 32
524 161
635 139
986 54
12 185
780 65
594 177
152 45
967 61
644 102
647 74
945 44
467 64
360 33
693 183
851 3
415 174
915 1
665 100
606 76
684 138
892 29
714 43
73 80
455 68
933 101
694 77
497 160
92 8
192 136
390 195
890 156
768 4
556 184
703 114
812 138
251 103
719 164
98 191
644 152
211 176
653 104
805 101
63 48
60 6
736 1
1000 25
957 120
429 64
903 83
377 66
573 27
769 91
591 66
433 186
417 43
513 21
546 69
273 160
917 132
918 52
133 117
276 41
388 56
304 43
539 33
708 111
659 76
753 1
693 185
538 62
180 51
234 77
719 107
37 187
190 154
990 74
222 66
114 10
673 170
604 11
802 111
673 12
139 25
413 31
962 150
644 93
352 78
569 23
736 157
409 125
262 199
599 84
16 64
445 88
833 48
251 34
710 123
798 48
700 162
31 13
863 74
505 15
903 73
637 38
382 197
915 43
147 113
126 114
928 122
202 161
321 52
746 31
726 143
230 177
104 60
141 167
286 45
533 188
70 121
178 51
917 92
445 16
956 171
929 83
844 82
995 117
285 141
547 11
635 128
139 91
388 80
57 25
276 141
564 97
461 141
499 129
184 144
144 91
866 25
726 61
906 120
577 191
812 75
553 47
603 91
537 142
322 145
366 150
885 81
998 145
22 49
425 157
792 169
48 9
993 173
69 98
844 46
88 56
472 40
102 74
683 190
767 156
934 84
305 18
765 55
514 138
503 138
694 46
858 93
654 50
217 122
100 61
719 139
716 143
531 169
968 165
158 135
920 91
218 177
260 182
583 125
119 85
414 165
730 72
257 183
473 74
456 124
886 127
463 1
69 145
769 188
909 78
122 180
720 92
108 179
673 90
455 144
774 68
308 55
139 116
589 164
741 45
887 26
923 101
578 143
397 98
730 105
975 4
837 94
895 96
24 119
986 78
62 111
698 121
966 188
989 154
151 129
950 38
707 24
90 84
566 87
982 48
143 108
851 131
2 145
627 177
663 12
855 77
74 152
149 39
739 137
945 42
866 94
631 124
470 120
207 35
558 188
34 101
496 84
31 49
980 57
225 195
620 31
71 94
334 171
84 25
708 28
666 125
274 48
848 143
367 54
129 125
594 163
977 41
398 159
641 178
16 17
372 187
648 194
680 133
364 164
757 71
791 174
347 16
421 194
158 140
600 39
416 145
801 144
337 198
102 177
927 117
193 98
104 192
91 135
525 55
898 33
877 41
407 24
808 179
769 118
670 168
956 85
264 108
828 200
657 130
928 184
398 73
881 53
664 124
340 140
778 37
173 6
629 131
229 37
461 198
106 131
717 61
567 133
168 147
932 176
28 12
759 177
684 40
982 99
963 121
239 92
557 163
97 138
45 78
326 105
675 31
987 143
843 106
75 162
652 159
537 31
570 96
807 5
287 188
303 1
108 141
692 17
655 140
906 99
817 31
556 43
13 94
938 7
799 164
568 2
722 104
184 43
399 191
247 37
130 150
637 190
442 80
606 49
820 63
499 188
445 6
183 57
300 120
663 50
483 182
604 157
685 187
551 36
129 198
