800
100
574 39
408 166
442 156
267 160
883 68
582 190
579 171
432 108
683 32
14 189
82 130
218 13
318 200
89 155
19 70
571 144
508 130
461 102
885 79
213 167
698 194
109 77
917 92
384 199
524 149
787 157
830 156
169 147
955 9
101 125
679 71
268 138
1000 81
191 85
159 4
3 57
549 63
485 17
355 20
415 30
968 153
186 197
260 106
295 15
314 195
539 144
417 159
882 168
239 24
4 149
827 159
605 128
821 89
544 127
308 111
108 27
215 45
423 75
702 69
689 168
463 179
711 31
737 144
999 127
368 154
76 146
712 80
273 85
121 169
411 28
831 119
407 45
515 181
871 17
250 159
584 112
490 94
295 26
590 45
905 157
998 180
854 110
659 79
594 131
647 156
911 77
226 117
873 141
497 144
957 146
654 92
810 143
185 104
721 126
748 25
434 97
604 88
806 14
766 151
97 164
107 7
592 132
323 64
424 19
207 180
565 13
271 126
355 8
829 27
285 128
51 119
24 6
6 182
972 123
932 68
886 190
74 77
74 148
292 97
566 99
229 82
711 51
207 17
10 187
844 95
666 46
13 90
252 18
223 175
492 154
994 177
896 19
205 169
166 96
817 83
346 45
917 8
896 123
825 105
862 20
551 127
265 163
568 68
932 190
794 23
296 187
151 191
205 155
511 122
851 127
805 148
372 121
956 19
195 180
875 8
151 26
935 15
340 54
635 24
644 28
398 91
215 149
481 171
255 191
493 57
669 49
5 40
721 160
10 67
91 85
675 41
662 161
655 1
814 41
976 9
69 174
99 35
274 131
405 128
921 49
985 190
249 189
981 169
948 191
236 38
227 110
630 88
222 84
240 35
277 168
196 145
941 94
979 14
225 135
93 97
336 77
438 184
417 171
553 164
113 140
753 139
49 182
578 70
18 169
656 94
736 51
990 76
497 120
241 121
406 134
569 141
762 159
677 179
129 181
894 41
720 199
931 168
732 60
389 149
28 44
394 164
247 135
791 143
54 184
815 12
69 183
904 30
93 180
8 21
160 102
813 79
900 95
998 31
954 186
732 182
782 77
97 180
564 39
122 169
622 88
780 90
22 84
872 115
615 79
687 175
132 100
5 183
946 3
366 100
740 97
233 121
925 81
252 88
919 173
809 93
12 188
934 34
623 5
148 38
36 34
12 167
685 16
902 183
370 67
882 110
715 66
982 39
146 34
479 16
958 87
308 170
226 194
3 49
398 102
86 33
687 49
952 124
816 53
706 186
119 187
647 33
404 28
823 149
861 53
964 171
291 24
140 117
217 94
365 166
995 2
751 81
602 54
404 17
906 109
954 176
47 200
560 50
228 134
350 40
387 66
610 29
289 101
545 57
594 61
822 188
414 172
621 15
625 176
784 82
837 137
609 83
337 168
685 116
254 34
355 192
699 117
20 139
417 165
195 11
177 17
950 191
940 122
957 117
298 140
798 86
477 159
368 165
926 4
80 131
790 186
522 88
102 142
179 71
458 173
233 186
741 134
576 33
456 85
949 105
624 98
590 100
856 109
264 134
713 95
664 102
481 186
341 134
79 119
804 88
244 36
873 184
570 1
16 177
685 116
833 108
414 22
760 21
82 175
754 146
70 170
999 150
307 140
835 137
210 39
624 53
26 96
789 147
296 156
323 180
472 155
640 37
928 199
209 162
773 115
507 42
84 106
743 142
197 178
478 6
568 101
211 193
948 151
540 44
858 14
575 81
721 14
917 200
612 78
361 137
792 68
930 27
373 73
968 121
602 197
678 121
897 88
113 196
590 4
439 48
570 166
128 90
579 197
641 143
226 2
279 17
221 8
243 145
232 162
865 185
358 142
705 6
782 170
801 171
173 192
170 94
957 50
735 87
398 176
781 23
729 11
991 149
971 33
893 2
146 157
739 103
650 43
108 31
612 60
154 137
851 123
582 159
324 117
398 121
44 178
695 172
589 85
720 111
269 164
464 14
72 2
268 121
645 127
152 8
987 105
96 37
627 78
348 103
994 145
23 37
274 70
160 14
754 31
124 175
194 188
788 65
789 8
985 185
134 136
393 120
440 40
309 19
517 56
721 62
752 95
250 25
164 9
239 70
639 114
644 184
301 183
448 42
190 33
226 124
920 170
795 112
810 103
482 78
110 2
540 61
648 189
238 164
550 28
433 140
541 28
724 194
210 171
635 152
955 12
427 27
534 21
290 95
676 171
372 185
324 63
998 171
404 35
134 153
62 118
492 154
345 167
147 155
90 133
658 44
697 84
622 30
304 111
924 179
681 47
116 156
910 113
327 113
347 12
617 160
730 60
713 26
27 60
332 116
344 189
511 40
72 133
269 128
395 144
58 28
191 173
783 52
637 61
116 135
273 132
94 154
543 7
779 169
18 111
684 161
451 147
401 123
31 21
602 25
565 59
204 107
184 187
910 172
447 25
507 71
108 200
424 50
758 155
571 175
17 6
136 67
152 88
341 182
908 142
959 72
953 162
578 88
148 39
659 147
863 165
17 122
117 193
324 74
347 94
649 115
851 136
181 3
23 74
536 130
167 46
754 119
360 83
958 59
522 169
805 136
485 174
58 1
966 133
827 64
626 27
378 28
962 110
830 136
783 118
265 150
915 18
420 74
701 130
133 174
50 137
309 134
110 118
487 27
450 113
90 27
139 19
255 52
81 36
787 15
505 3
516 20
421 88
693 73
17 25
398 18
114 106
951 23
424 189
2 73
453 43
652 143
614 106
394 94
693 180
908 198
935 24
617 107
63 61
531 79
486 128
496 199
633 198
173 8
587 174
633 39
617 84
982 30
541 127
275 33
259 182
430 193
957 198
899 171
59 29
449 96
708 96
494 140
446 18
100 184
192 132
774 160
367 107
741 107
834 15
491 44
548 73
988 57
670 86
227 80
666 28
975 173
675 20
64 72
838 163
855 29
246 181
540 12
87 80
870 72
646 113
67 145
985 54
753 6
291 132
86 108
359 12
680 185
232 96
857 69
610 63
449 56
395 188
819 34
619 89
457 16
753 124
160 137
929 65
742 20
596 179
527 154
591 159
690 22
654 98
890 63
313 138
118 107
677 89
540 95
329 149
262 81
872 21
817 200
37 110
371 32
89 98
937 79
808 27
852 61
524 141
75 188
430 145
895 58
833 186
752 161
134 165
241 157
785 9
509 22
318 79
805 6
128 142
436 135
368 87
747 43
379 22
431 160
366 77
617 150
814 120
710 148
84 102
656 21
62 164
394 179
395 198
137 122
939 124
809 58
211 155
901 141
728 83
101 45
359 117
994 172
437 103
471 120
356 127
740 17
642 133
148 36
331 84
910 21
207 118
279 169
624 179
710 104
213 162
148 123
878 142
94 114
196 117
186 152
395 125
320 36
410 67
72 140
750 181
360 109
50 38
429 73
168 90
728 180
651 76
302 129
369 148
194 164
16 179
467 10
304 187
797 113
253 68
804 155
200 115
663 1
505 91
274 72
581 153
404 183
228 57
111 196
156 105
160 171
35 178
580 90
764 129
754 17
596 157
371 148
424 185
748 128
827 173
951 159
726 106
342 105
763 4
901 70
108 12
441 95
389 172
184 105
100 138
