800
100
563 52
667 57
224 122
242 83
618 163
451 144
851 140
262 45
240 55
154 137
773 87
625 61
404 194
465 165
742 194
888 56
397 106
712 172
579 153
854 196
668 57
891 118
396 152
562 35
206 68
924 131
954 148
143 157
741 7
521 34
952 160
842 101
665 105
672 43
210 78
438 77
534 128
746 81
832 59
267 37
78 190
367 31
90 61
740 182
468 12
16 19
724 9
119 188
113 143
983 122
20 172
550 153
452 95
833 83
306 51
671 183
641 190
766 82
250 57
263 117
820 30
488 143
838 158
283 151
100 17
624 119
388 174
23 39
820 7
473 125
658 144
860 50
533 25
731 134
833 145
203 52
975 90
195 12
999 29
114 51
445 90
921 184
615 144
23 34
502 95
911 159
990 122
808 74
746 90
8 178
235 10
581 9
251 127
372 1
955 38
51 151
927 124
935 141
619 109
326 120
803 36
279 145
357 38
18 54
328 177
383 114
938 164
474 188
90 45
141 197
682 143
147 8
866 81
500 84
389 26
604 144
61 34
40 170
671 9
575 150
786 158
263 123
273 88
263 114
933 3
110 166
945 9
926 163
41 25
646 182
250 1
325 63
834 116
432 105
124 6
206 109
315 21
984 187
908 46
653 40
1000 114
158 96
722 83
810 163
507 56
544 157
408 20
419 42
935 2
98 58
559 103
319 74
123 54
812 183
251 64
222 50
578 179
897 51
813 107
413 120
514 108
428 121
527 46
514 13
47 163
871 157
266 141
830 140
194 194
122 44
457 96
45 186
426 141
37 39
999 1
910 112
109 137
785 187
182 98
800 180
261 22
536 78
562 118
969 107
711 43
902 119
490 146
905 115
238 93
505 37
93 14
748 1
750 132
540 83
182 139
214 194
712 102
671 25
819 191
731 81
433 32
399 122
929 55
189 166
947 93
402 40
459 102
592 8
33 83
843 166
821 56
359 132
509 29
156 79
20 38
559 4
221 110
78 149
964 66
315 111
310 68
302 168
569 45
328 154
728 170
519 100
577 78
784 38
258 91
116 29
529 75
785 101
984 62
250 99
127 116
209 36
983 62
556 152
459 83
857 138
404 175
437 132
604 20
769 14
863 37
842 143
911 26
843 46
839 92
544 165
7 105
753 142
318 60
245 176
542 101
313 97
475 102
980 31
673 101
644 135
337 85
277 199
463 120
196 101
563 139
618 122
195 122
615 65
381 59
640 74
959 105
570 185
758 101
215 30
1 58
317 89
695 193
287 109
64 82
809 179
573 178
252 119
499 66
983 31
724 175
504 34
279 25
818 36
326 185
817 78
242 133
367 88
78 53
796 93
487 157
471 11
734 122
529 185
939 112
815 14
838 119
47 116
95 17
503 20
601 71
450 194
804 16
482 81
820 77
373 106
233 196
716 119
269 197
903 8
108 117
221 145
387 68
412 82
836 66
253 36
936 102
981 91
869 62
971 89
91 96
346 123
891 62
993 159
658 95
366 117
964 139
413 102
558 176
535 193
441 188
180 128
841 160
819 110
622 141
398 112
836 143
386 78
156 131
237 165
977 154
281 140
892 45
642 1
220 176
193 12
315 172
740 156
884 110
217 105
402 166
568 38
60 105
315 168
387 103
732 164
209 165
303 52
409 96
253 29
824 45
992 90
169 83
645 52
992 13
908 194
178 27
983 190
483 49
157 70
904 88
585 112
252 87
563 13
535 15
993 158
612 184
847 180
67 44
183 10
408 42
155 138
620 89
527 54
138 83
675 41
922 59
504 126
498 66
538 32
881 82
741 44
217 139
975 35
134 157
45 142
950 151
479 121
40 5
374 177
39 49
569 160
659 72
485 156
489 174
187 121
255 79
564 72
218 138
106 103
46 102
244 147
53 74
267 44
430 193
972 68
393 140
780 51
963 64
207 51
990 145
524 196
376 87
67 193
977 125
295 22
26 91
369 30
964 187
873 146
979 196
213 171
735 192
774 49
608 132
852 149
76 175
544 3
813 11
395 189
487 42
811 64
284 131
294 199
517 118
344 48
714 109
570 200
252 143
201 59
674 4
807 102
778 103
904 142
313 51
731 151
44 93
14 79
775 59
277 43
529 173
490 42
881 12
393 132
754 145
343 180
348 101
233 77
203 88
419 67
490 101
369 85
393 183
563 167
41 192
809 121
516 51
162 196
62 107
879 167
851 173
298 151
426 130
27 180
370 45
847 59
945 15
744 89
949 58
207 142
849 168
262 164
18 176
111 31
682 142
949 84
266 47
434 91
128 13
671 97
609 69
708 154
83 3
594 184
460 1
725 61
168 186
376 137
761 39
967 194
180 67
678 45
513 63
488 193
275 158
841 84
26 148
789 60
702 182
843 162
534 167
174 101
553 149
237 65
739 155
459 118
822 136
715 86
950 2
678 177
711 119
812 88
418 152
547 120
685 142
633 19
308 6
919 12
706 156
877 197
62 135
714 83
822 180
569 123
333 198
699 195
468 62
482 86
813 181
357 98
122 189
68 181
146 186
993 3
493 21
999 155
555 65
437 128
196 157
850 129
955 101
275 22
114 157
659 79
489 15
128 10
355 195
390 52
180 182
55 73
954 5
579 108
821 15
587 17
724 189
897 30
41 171
803 154
279 62
432 167
828 159
376 135
753 118
386 85
851 192
309 5
549 87
664 169
253 51
385 128
39 33
357 79
156 160
584 34
973 16
553 152
926 128
686 31
397 24
667 48
567 175
52 115
213 115
836 17
317 172
145 107
205 101
785 160
12 121
145 184
88 97
136 13
977 173
395 173
596 61
620 163
35 23
629 199
90 64
416 6
36 160
113 192
412 49
951 24
321 47
407 8
144 94
421 120
67 167
492 14
228 64
176 14
838 157
213 127
620 28
685 7
539 149
598 150
749 100
373 70
347 132
477 90
377 49
961 195
416 4
809 195
267 136
608 57
492 172
735 112
151 19
118 89
919 68
991 68
967 115
89 113
198 117
154 175
518 114
369 85
918 177
279 136
865 38
344 156
410 79
467 112
497 137
601 168
356 143
435 122
657 75
987 55
143 92
781 60
958 101
944 27
30 174
114 94
164 58
249 125
536 68
836 184
356 188
151 111
730 137
384 139
811 122
945 154
566 125
965 123
577 61
749 6
834 62
499 149
319 100
273 6
167 109
590 74
896 140
936 178
677 119
68 39
393 12
144 158
88 109
832 64
369 180
622 154
793 72
903 112
571 127
317 89
635 58
314 83
998 49
212 26
920 79
864 112
642 8
621 129
468 52
744 188
383 117
741 175
189 195
638 111
522 107
552 108
564 65
742 161
114 153
586 33
583 2
696 24
809 116
304 76
119 48
815 101
764 107
675 104
902 113
767 175
971 118
634 134
182 176
447 47
680 32
31 63
833 126
486 193
393 190
620 63
189 34
363 104
341 190
608 194
702 174
720 72
691 153
557 24
728 3
223 160
387 53
22 19
331 107
564 75
648 183
938 36
969 52
140 109
41 99
254 94
472 173
117 114
677 74
89 157
676 63
516 62
268 137
633 198
43 148
24 43
730 113
878 50
965 169
358 5
819 163
451 42
935 167
507 12
592 196
368 68
610 83
681 77
419 65
474 13
