800
100
556 15
40 194
605 134
856 145
572 119
515 95
5 115
694 67
891 32
77 108
109 104
372 73
576 159
245 78
11 118
698 118
884 89
111 40
22 166
184 146
837 51
840 193
517 86
659 8
269 87
115 177
390 86
850 117
796 46
146 6
163 43
75 199
284 185
238 57
503 22
602 91
472 194
883 188
679 93
747 147
979 61
675 120
346 124
36 94
322 134
651 36
728 126
234 11
262 72
20 116
245 21
806 68
414 40
407 44
284 154
742 62
14 17
333 112
292 121
205 13
254 7
449 181
932 34
992 194
857 11
661 101
983 19
520 149
858 79
544 94
432 38
107 197
54 40
860 97
160 64
662 13
271 62
745 154
495 136
99 104
98 160
804 33
578 76
181 187
954 76
280 137
713 139
533 118
178 145
815 89
160 28
453 182
641 197
336 135
285 34
190 134
193 146
166 122
21 98
909 126
126 140
62 38
278 146
956 55
690 122
495 50
301 147
631 141
496 166
427 180
752 17
865 96
962 183
418 134
432 126
659 157
865 120
395 143
17 102
949 107
175 44
908 75
742 138
415 37
856 193
368 159
809 185
254 122
967 71
455 198
348 113
955 165
184 101
59 1
402 159
259 128
154 166
402 96
703 168
484 110
360 4
868 121
140 74
994 106
496 49
503 44
913 9
760 97
861 170
297 62
528 155
189 82
72 142
929 126
109 164
36 21
319 55
693 58
728 86
563 24
486 18
419 199
578 178
847 39
347 95
52 74
401 193
907 72
534 187
597 195
951 32
167 69
887 11
79 166
896 193
189 134
410 7
132 140
136 178
778 34
472 181
60 72
773 166
695 59
153 91
5 55
923 171
75 161
381 153
478 28
146 67
713 107
625 44
246 113
173 175
946 196
556 5
219 80
323 113
338 27
204 94
281 78
864 107
990 196
212 67
576 109
485 88
615 110
484 13
222 8
939 119
4 94
524 22
526 46
487 15
24 42
909 104
871 172
362 60
720 173
678 47
281 163
286 48
624 169
460 197
777 198
715 180
244 190
353 121
787 191
335 10
232 43
465 54
367 27
313 86
399 143
84 32
857 169
279 32
138 90
380 66
487 46
397 82
36 101
202 22
292 89
984 75
131 48
329 97
274 193
934 25
687 169
56 143
738 134
726 27
775 105
492 61
551 88
695 138
988 48
759 31
136 142
506 19
542 186
115 15
178 1
839 17
769 46
759 58
931 37
84 105
941 175
318 43
814 12
780 154
611 91
784 99
632 41
717 125
826 183
340 156
583 130
572 104
776 82
561 106
518 197
763 11
923 80
653 137
443 33
890 53
323 25
151 106
18 19
831 195
402 122
550 136
51 73
391 178
507 104
236 176
300 198
186 22
77 39
958 119
623 199
923 145
576 74
250 193
644 32
787 45
953 89
733 156
513 123
533 19
778 168
747 77
117 132
299 193
122 8
63 144
159 186
40 86
411 42
678 54
73 16
451 178
504 183
733 169
657 65
739 35
385 85
863 101
769 113
46 90
473 108
986 31
445 25
716 55
666 145
909 91
560 111
468 16
245 200
784 101
816 122
687 152
359 150
405 127
62 50
16 134
909 153
516 154
730 183
208 147
327 68
837 39
178 56
6 22
207 189
675 23
662 161
926 20
262 130
146 76
131 114
561 40
218 29
745 147
11 104
694 90
772 130
280 101
538 85
75 144
73 149
766 86
461 44
106 75
373 3
750 104
468 62
895 86
90 39
632 53
294 125
142 65
207 173
718 144
57 192
487 81
540 5
566 152
648 23
426 20
978 127
875 45
189 121
130 30
111 162
82 5
86 175
821 44
699 138
387 155
329 74
587 20
830 105
572 77
527 149
848 104
876 123
949 16
195 30
397 106
191 31
710 29
757 130
272 56
420 59
562 148
884 149
320 113
653 91
189 131
591 188
387 18
462 87
233 57
116 182
962 107
812 23
935 168
904 6
375 123
216 137
423 99
85 142
811 89
984 151
619 174
739 5
392 200
691 176
856 7
957 169
465 120
543 151
40 47
956 14
121 172
702 143
622 138
636 185
226 19
135 45
545 25
201 88
777 92
263 32
50 172
153 66
43 95
616 82
493 171
848 14
94 101
508 68
39 144
852 64
762 138
460 58
563 61
945 139
904 8
322 105
131 26
170 173
521 185
607 165
355 6
978 1
706 86
868 144
629 71
360 142
408 19
400 122
831 144
660 134
903 134
38 185
159 7
558 31
991 164
396 98
969 173
850 26
210 69
770 190
139 129
932 98
299 83
220 130
378 79
863 33
564 53
17 123
811 126
753 2
89 100
851 9
225 100
435 34
120 156
976 10
684 59
507 182
941 126
463 70
957 126
654 120
930 71
594 140
596 99
893 37
198 143
797 174
794 31
208 113
786 135
522 21
793 181
155 85
106 17
754 14
294 8
934 23
430 79
963 25
577 55
413 127
950 10
900 95
792 59
360 178
993 33
750 137
613 56
221 119
225 127
484 118
86 169
93 115
648 7
891 176
613 104
702 162
865 154
9 56
764 168
585 157
600 135
245 13
942 66
283 166
144 166
684 29
535 128
95 134
534 185
109 146
640 163
60 104
116 68
160 79
787 96
987 186
430 32
950 172
49 32
889 192
350 172
420 36
699 114
769 184
850 77
82 42
39 141
345 106
560 56
385 146
952 123
731 133
306 81
456 154
264 145
545 165
268 116
200 119
181 168
902 183
197 183
224 187
475 120
93 34
128 29
731 31
551 62
163 57
494 171
210 109
667 107
74 134
774 25
252 155
945 106
337 141
840 112
727 115
831 171
700 158
999 31
388 150
244 103
758 137
873 119
197 91
777 22
824 151
247 28
857 191
285 145
683 124
456 161
438 38
932 90
596 130
920 135
831 163
237 140
251 61
259 47
351 35
421 127
937 67
954 193
209 190
689 91
713 96
651 103
134 134
992 81
864 63
415 46
425 4
986 27
816 196
825 119
982 45
45 119
911 150
63 119
939 152
361 51
599 164
505 132
297 96
164 112
110 179
910 134
934 95
912 149
842 137
267 23
981 63
741 92
12 156
362 150
907 75
953 57
438 9
941 134
657 104
598 166
682 107
652 167
753 163
716 194
299 134
416 80
997 109
523 160
664 84
310 122
310 14
778 147
422 118
833 78
822 182
844 55
288 47
822 192
409 89
985 108
574 152
987 122
260 109
282 75
744 143
196 54
908 174
152 129
43 136
759 16
117 154
71 156
800 44
147 8
484 131
915 57
235 53
331 94
113 12
769 57
554 116
262 61
641 165
141 84
101 51
899 169
204 121
325 155
564 23
563 199
306 29
808 140
434 138
385 146
749 105
754 54
821 15
466 61
132 6
496 184
857 195
152 12
715 28
767 31
651 81
381 156
861 188
495 94
677 31
840 177
736 193
430 108
960 47
368 43
205 64
26 13
610 177
824 76
5 142
658 7
974 39
962 35
578 8
128 55
38 119
31 125
264 13
32 175
411 152
17 15
967 42
27 176
570 3
603 126
144 61
932 70
651 45
304 28
404 183
834 194
454 17
918 69
381 102
643 191
53 11
406 19
404 184
946 173
986 100
251 82
512 134
951 162
131 6
742 134
388 175
