800
100
292 175
674 90
225 195
28 199
340 27
988 148
275 187
274 39
594 127
241 1
621 200
474 136
413 27
918 197
673 191
488 164
918 162
653 94
556 32
244 47
410 31
794 84
217 67
475 162
545 67
114 117
466 188
852 30
214 121
426 86
464 114
201 133
427 53
226 134
236 69
580 46
51 173
681 19
792 107
780 136
573 94
853 39
833 56
268 198
529 46
635 192
959 35
724 185
39 101
70 74
121 49
271 123
373 152
141 116
458 72
852 31
165 56
421 149
463 40
746 191
85 180
334 195
214 9
131 4
61 200
878 133
200 148
55 173
451 147
88 109
819 91
291 135
698 63
684 161
454 29
503 91
161 189
285 126
597 168
330 58
319 7
190 119
706 197
91 157
143 130
417 113
821 59
648 118
473 131
30 126
111 85
816 23
73 53
349 69
220 78
678 138
236 20
408 141
816 98
449 110
28 17
623 200
275 70
69 147
952 51
25 14
335 40
37 159
644 185
427 63
62 57
753 49
676 160
941 43
10 190
152 189
958 174
588 185
395 8
683 98
458 107
112 144
899 148
902 142
884 81
405 97
137 109
945 12
20 85
654 29
626 157
417 184
283 156
168 77
716 50
375 173
557 38
317 55
337 170
348 20
250 152
516 186
612 12
549 32
696 154
12 122
711 181
257 193
488 24
21 3
625 147
376 133
584 44
339 72
965 87
491 15
790 158
600 2
169 101
385 17
54 196
538 164
528 194
108 16
569 81
218 193
227 145
78 163
340 16
434 105
102 77
519 92
986 70
645 107
970 29
75 176
776 12
139 104
757 199
671 77
79 88
221 57
185 98
171 124
714 157
180 15
233 50
58 170
520 102
428 41
730 102
216 58
465 107
161 173
657 31
249 135
70 70
743 54
119 114
130 32
870 109
999 54
359 56
375 30
758 3
70 39
656 38
696 121
344 8
693 200
38 94
86 60
115 180
713 33
93 194
417 114
855 15
119 13
470 94
794 179
648 63
418 103
852 113
775 195
321 20
546 110
113 31
169 179
811 34
811 55
779 27
569 33
641 39
197 63
532 190
41 131
205 10
186 56
275 160
251 195
779 196
656 43
779 177
821 141
762 184
195 140
210 115
173 3
154 169
17 37
711 9
568 115
219 153
970 93
64 172
439 43
720 46
437 50
622 10
790 135
593 184
275 154
451 199
708 4
519 124
992 29
133 159
495 103
663 17
547 127
388 137
921 59
782 157
308 156
966 97
842 110
433 116
64 35
266 171
838 137
847 181
717 131
740 12
385 2
28 131
128 167
619 48
226 152
757 85
859 74
982 101
984 166
168 199
1000 186
521 189
922 167
369 38
49 60
201 33
862 28
715 141
347 133
741 124
437 97
808 95
570 141
995 153
258 115
303 57
300 24
445 21
190 166
858 191
625 59
23 38
638 90
179 136
422 119
259 58
767 19
505 136
911 99
241 169
13 143
425 64
366 22
884 108
387 94
498 163
504 72
201 141
961 131
829 183
1 39
592 167
857 96
454 168
947 94
288 111
589 112
975 106
285 10
213 23
303 62
386 6
934 138
299 94
668 79
628 20
917 172
786 174
19 39
893 117
285 180
628 25
243 154
530 128
163 143
902 18
156 39
975 89
576 25
335 195
103 114
614 20
237 151
145 56
342 37
924 178
568 151
202 162
856 131
41 171
825 143
540 181
581 114
421 109
139 107
103 193
421 69
612 9
171 156
616 112
144 140
489 63
442 90
225 98
773 65
20 197
207 159
577 140
72 150
648 162
456 102
507 28
170 118
237 141
226 52
204 121
743 45
784 185
86 8
834 58
624 53
455 183
411 183
322 34
732 169
748 188
422 54
767 192
723 3
284 100
207 39
21 101
883 4
485 169
163 118
826 186
522 32
968 84
15 89
470 146
609 169
285 31
174 4
974 96
406 9
548 164
447 168
265 130
371 101
298 133
771 75
318 92
107 38
928 73
926 197
570 87
317 55
269 90
258 42
737 15
850 84
331 96
851 147
977 173
47 26
457 169
101 127
813 159
764 140
31 41
488 200
927 4
806 195
645 15
788 133
430 37
17 112
285 19
58 61
144 56
887 200
625 139
726 37
249 41
528 79
882 15
230 160
170 36
355 166
450 94
898 31
131 66
694 167
837 103
27 132
559 65
931 135
955 9
323 3
201 50
481 82
216 111
242 185
98 148
902 147
441 199
130 123
417 23
689 53
926 68
584 36
332 66
370 87
226 44
489 27
893 122
860 108
32 53
844 81
400 145
379 193
895 108
115 111
683 156
915 160
223 98
795 154
716 116
192 141
559 81
719 3
2 131
910 185
383 105
865 183
201 43
327 95
103 41
758 137
948 72
96 170
522 42
724 37
109 115
529 67
947 200
821 100
530 82
36 112
186 52
46 138
495 172
832 149
165 141
85 112
613 180
634 134
773 157
722 81
623 2
899 122
553 119
573 82
800 9
346 137
860 143
74 106
467 57
654 183
198 90
446 162
621 79
647 193
787 120
273 162
321 123
683 74
241 55
307 192
215 4
80 75
747 153
132 13
762 186
195 159
227 40
472 48
719 118
592 57
837 17
618 157
739 52
382 132
907 41
75 73
44 155
547 190
659 79
2 20
816 148
730 194
188 1
241 58
318 185
114 154
401 84
663 139
735 196
822 193
436 97
466 80
51 164
621 109
394 175
481 9
522 10
603 61
411 195
670 128
379 136
234 131
219 96
622 153
643 43
946 79
691 163
910 141
126 130
802 120
504 82
80 178
843 34
438 53
581 60
333 111
595 166
442 13
813 63
117 55
857 14
885 148
176 194
640 54
676 193
173 131
426 52
908 69
286 98
521 66
509 5
528 103
770 169
267 134
383 135
741 40
149 25
139 76
771 130
329 46
923 101
976 148
105 36
616 142
285 89
959 193
693 86
895 15
455 113
748 37
247 40
428 147
465 118
423 35
48 151
32 170
604 159
669 108
594 37
449 30
125 159
22 169
244 68
983 50
780 83
239 179
922 66
125 138
936 147
324 183
650 155
304 53
714 172
312 59
608 112
889 132
870 110
253 113
530 35
515 61
669 153
39 191
770 116
680 105
62 4
687 63
358 190
315 23
314 26
82 121
89 170
5 158
231 57
423 160
843 137
421 112
689 11
454 58
326 133
515 140
488 1
802 46
543 69
268 56
446 101
776 135
670 132
492 101
388 114
12 183
202 32
94 90
595 99
700 120
383 14
659 71
766 13
716 108
281 135
163 126
36 91
612 57
422 104
309 162
369 121
744 171
104 189
812 98
87 111
970 69
724 180
691 90
792 6
149 24
93 112
502 80
954 113
888 175
216 197
888 137
869 183
507 124
171 118
374 9
181 143
430 56
674 120
745 66
878 46
889 122
557 142
801 110
855 88
236 22
236 76
358 56
458 16
780 181
886 105
589 66
199 170
321 72
490 18
337 167
663 178
40 171
319 40
432 125
879 67
947 115
142 56
922 152
872 101
932 157
557 120
174 155
890 94
627 131
263 115
449 125
244 88
847 115
679 78
439 157
945 137
23 38
393 145
389 16
997 120
724 154
192 97
308 33
742 134
515 5
601 163
281 44
450 128
758 80
