800
100
757 30
679 111
137 176
940 70
252 160
738 121
118 143
353 6
63 74
292 2
521 15
544 97
761 82
242 164
494 121
868 2
351 147
64 39
674 156
309 125
515 198
245 32
492 149
637 154
623 80
308 143
846 51
239 159
885 32
874 130
353 142
332 55
640 195
893 65
750 153
941 16
302 137
247 194
485 35
699 59
515 158
601 112
561 191
670 197
375 144
526 127
637 9
781 28
604 25
292 105
930 32
321 183
120 119
376 4
154 27
63 20
784 15
83 96
206 105
492 180
1000 170
658 36
578 190
615 133
166 58
238 95
841 110
678 160
828 5
563 133
183 177
704 119
992 139
14 149
243 58
480 42
227 137
229 156
278 43
689 43
452 78
890 92
187 119
251 166
323 165
51 58
142 106
176 85
244 189
33 86
398 112
79 24
1000 107
780 77
501 20
719 152
97 160
595 83
878 197
1000 153
362 50
410 55
508 185
339 151
125 171
589 123
234 67
498 33
326 29
861 26
448 131
130 144
891 76
178 168
273 178
320 34
579 129
488 86
313 178
189 190
548 177
664 133
443 161
365 168
790 177
946 189
507 75
133 197
502 110
165 174
839 84
407 18
213 46
855 77
423 43
18 122
819 81
454 14
194 170
381 183
98 78
571 5
104 55
1 6
717 165
379 155
1 138
324 165
383 179
441 158
573 11
831 144
491 37
709 84
158 41
18 56
119 141
860 22
995 60
827 111
377 6
618 177
343 141
941 77
471 133
234 196
895 65
491 186
701 199
421 58
639 39
465 157
731 124
979 77
536 5
140 112
362 157
640 104
49 132
781 120
16 166
915 111
782 5
648 34
955 68
44 193
858 108
350 140
832 80
17 167
484 156
630 46
264 69
901 112
552 33
831 167
399 97
477 132
853 76
366 7
896 9
752 105
916 101
45 99
780 13
465 15
568 46
812 31
714 65
494 65
97 125
184 47
773 12
379 178
488 96
136 183
504 87
839 171
987 83
870 118
295 86
85 14
132 96
396 197
960 90
814 9
566 197
255 90
8 185
667 95
80 3
229 135
689 68
706 28
302 175
145 149
612 29
514 143
477 62
940 188
151 153
196 68
101 3
757 108
787 24
955 19
226 135
153 66
954 58
293 56
784 190
556 196
370 21
490 46
682 181
634 32
533 29
251 185
983 8
93 170
431 47
988 8
581 140
625 87
350 118
142 133
707 49
880 28
469 170
274 151
150 59
334 35
87 185
19 70
592 111
191 174
509 130
733 42
21 157
328 170
626 21
503 84
221 182
112 89
103 185
191 53
643 125
287 81
461 105
502 4
768 44
777 28
573 61
421 194
217 148
963 195
920 17
878 140
551 189
181 53
725 123
257 119
599 143
152 59
200 53
462 167
697 190
946 21
450 167
214 19
114 129
213 186
697 42
877 199
783 9
604 107
132 60
578 130
755 129
141 154
381 2
272 29
544 17
50 145
583 15
363 49
143 127
434 192
721 62
790 103
71 193
361 154
253 138
283 7
18 23
312 151
377 183
179 72
799 180
616 134
195 131
782 89
609 167
880 129
228 22
183 50
766 96
203 18
833 38
376 51
260 39
953 188
621 131
611 172
63 27
505 9
909 38
297 117
204 129
198 183
902 180
433 67
275 35
37 60
472 164
662 84
803 14
423 23
96 186
546 158
964 50
766 72
39 15
740 42
295 137
25 196
669 9
862 95
795 50
106 19
14 119
54 16
732 28
590 180
213 136
689 176
537 7
47 176
221 187
169 67
75 145
62 143
353 75
390 100
525 95
118 90
614 171
705 97
998 46
228 163
781 117
738 70
723 137
597 95
923 165
161 149
310 174
92 14
200 33
513 76
327 182
965 92
152 21
341 102
667 168
416 47
484 153
468 158
289 64
852 163
829 164
912 90
937 155
503 89
187 168
564 65
349 81
157 101
901 97
354 167
416 169
366 100
273 33
809 114
249 61
476 29
376 139
918 65
445 172
153 31
139 68
848 88
948 156
340 1
852 45
767 19
165 84
518 189
669 79
702 117
691 130
345 66
268 14
730 113
737 34
695 76
654 142
715 1
897 6
801 100
802 120
719 166
403 188
754 71
266 8
339 156
337 83
374 4
648 55
668 137
689 115
964 142
608 78
294 57
435 47
956 36
718 26
201 120
966 106
543 183
113 81
891 49
916 64
405 115
718 24
651 158
490 14
451 98
643 97
954 77
895 61
312 12
639 64
83 4
522 25
538 186
506 28
787 21
691 143
687 161
966 138
870 56
951 121
905 194
417 58
22 63
470 86
274 108
549 156
63 22
981 1
408 38
28 194
610 71
736 96
831 53
633 100
860 136
372 164
529 140
973 102
802 43
587 75
902 88
783 165
909 115
565 68
952 192
213 113
662 100
560 44
353 193
544 164
480 115
680 160
407 52
261 8
446 48
635 148
335 17
312 195
531 76
263 34
819 75
98 81
775 57
324 79
201 19
394 80
486 73
391 92
77 52
451 74
851 85
221 137
853 84
131 183
111 145
568 130
220 17
762 146
674 37
176 26
8 169
258 93
994 48
736 70
651 186
943 101
623 116
37 75
751 168
210 62
264 129
143 35
146 56
180 171
692 107
748 99
628 5
543 21
5 30
42 55
816 136
156 190
851 144
264 154
63 73
167 127
954 109
161 99
564 93
621 7
399 168
306 26
725 200
646 129
830 87
383 197
23 90
786 25
786 1
178 48
226 96
174 179
4 135
629 119
379 49
526 177
968 183
803 92
382 200
772 163
839 107
559 13
748 96
789 133
97 167
381 74
14 106
852 18
592 32
288 170
432 13
747 199
347 101
443 129
52 166
643 90
72 2
454 20
897 43
352 145
561 84
18 174
990 21
591 181
52 31
551 83
43 49
882 142
549 76
470 200
241 64
842 65
665 95
484 114
537 187
610 49
623 28
23 164
200 165
544 52
195 46
734 190
94 167
331 194
994 200
946 35
263 187
251 80
433 134
545 122
272 154
770 46
133 192
209 133
757 153
936 103
550 21
892 44
988 22
989 133
373 134
919 188
72 169
267 105
254 163
178 126
316 147
123 1
91 132
485 199
436 20
501 185
440 193
980 179
614 169
112 187
902 30
974 174
199 192
830 52
754 7
329 21
305 4
221 195
135 105
593 170
476 46
906 68
838 86
46 51
854 109
789 107
891 114
432 89
705 61
892 58
267 173
231 172
376 51
318 62
508 63
783 135
708 88
602 145
925 200
347 130
508 88
237 198
601 68
838 106
281 82
115 147
6 145
470 181
148 140
594 7
402 176
693 61
63 95
5 188
646 103
117 153
190 105
903 191
373 92
448 53
173 162
551 178
259 173
910 158
864 103
116 65
878 8
725 93
454 81
632 99
783 148
604 125
453 106
467 177
597 114
181 122
827 83
299 37
807 161
546 70
63 61
934 93
821 10
937 74
90 168
725 25
315 128
901 119
833 167
647 181
632 179
902 10
262 153
247 20
113 192
90 127
805 175
171 25
385 107
250 26
674 174
402 141
301 54
811 85
20 58
266 3
988 119
165 1
71 11
21 135
554 110
62 110
484 32
334 20
691 184
398 164
557 199
704 10
453 67
694 24
676 111
