800
100
821 137
492 117
92 136
250 63
759 60
812 196
977 190
531 106
65 29
970 86
30 73
837 155
202 94
174 101
132 71
475 153
607 166
21 98
302 70
912 12
481 123
808 9
264 90
866 80
71 35
965 100
308 2
206 109
447 132
761 179
802 35
883 8
553 55
457 54
876 168
617 156
442 176
517 105
466 182
384 88
217 101
339 76
854 97
736 100
628 97
878 181
83 112
188 35
366 196
840 193
715 57
949 156
232 17
212 49
198 147
936 14
647 27
641 100
523 177
800 102
225 29
282 107
493 21
942 10
168 181
803 82
589 103
37 21
919 48
221 116
194 157
882 193
135 74
692 9
250 43
862 26
872 143
133 164
315 26
573 34
558 127
715 147
829 103
319 147
702 139
215 95
47 48
439 133
321 131
541 123
973 2
748 196
896 32
911 162
657 36
395 167
562 109
65 143
563 183
489 64
273 55
511 72
502 149
204 23
431 97
745 156
498 44
951 146
76 62
659 84
49 54
650 10
514 114
352 77
448 193
340 73
247 50
744 101
151 147
923 181
43 19
336 93
862 87
990 89
500 48
373 148
53 22
509 167
88 13
995 87
405 86
959 3
888 54
103 38
353 177
618 147
395 106
639 9
944 180
897 43
628 69
342 80
643 50
598 82
62 144
968 18
982 79
821 69
332 75
258 36
652 27
783 198
532 21
6 75
753 55
269 180
875 10
411 69
812 161
950 25
656 70
395 37
900 15
857 183
841 114
619 92
341 1
890 72
173 47
699 125
853 167
656 128
929 19
948 92
779 50
668 186
519 62
423 18
628 79
352 69
393 170
312 85
370 153
308 143
800 6
819 4
325 75
731 5
893 31
696 23
280 115
808 150
129 182
567 108
861 70
576 5
240 40
689 9
792 196
503 191
354 122
947 78
148 77
282 192
59 129
414 138
43 173
487 123
155 5
631 167
675 158
971 114
797 59
874 189
6 129
531 159
402 77
36 149
506 69
292 164
997 57
254 192
629 92
266 135
497 96
501 123
454 71
436 2
481 61
190 87
389 73
197 190
549 185
690 6
253 181
322 2
37 175
345 18
666 162
152 114
858 53
36 63
475 23
264 108
836 54
146 24
878 142
366 26
278 7
184 83
388 105
836 176
431 180
793 48
141 97
314 150
301 149
12 175
524 76
82 159
81 27
934 158
921 99
735 198
58 118
80 45
774 115
572 156
446 117
4 139
13 117
288 65
17 52
439 140
927 73
250 7
451 184
316 123
834 50
921 91
320 152
687 93
267 11
649 64
327 4
2 91
672 42
355 40
293 145
932 171
369 181
929 20
716 44
542 150
293 14
792 12
166 31
57 184
441 57
847 167
412 49
809 35
490 163
474 134
659 5
704 28
938 32
199 53
227 92
554 71
906 98
835 23
528 91
206 168
299 52
86 110
252 94
144 93
408 169
226 66
374 81
445 63
264 43
667 90
735 21
361 192
918 195
766 45
437 171
764 135
374 49
796 26
742 139
718 149
907 144
214 32
224 59
294 40
653 113
329 139
533 41
82 2
587 47
598 23
817 161
109 191
209 104
168 102
194 85
450 53
180 15
436 156
25 82
595 78
394 123
768 78
316 50
79 102
696 28
277 65
388 185
407 148
641 174
601 186
458 50
638 38
416 26
393 41
507 139
470 100
261 189
177 176
438 7
830 86
634 106
350 173
490 156
672 82
681 72
668 90
321 105
479 88
730 71
880 188
561 101
487 22
290 15
749 127
973 178
212 6
683 113
330 125
20 1
6 100
272 73
542 144
330 20
384 11
243 63
999 3
964 85
624 5
852 125
331 24
654 95
782 137
159 111
213 179
464 18
230 135
243 171
31 172
791 14
982 33
676 180
187 191
817 11
595 20
887 78
843 140
524 176
228 82
87 40
212 102
10 194
636 4
916 18
175 58
431 108
442 59
840 29
449 8
791 196
27 77
25 21
568 148
197 196
581 35
587 145
888 148
290 123
551 5
541 77
263 123
585 56
781 176
684 182
783 74
329 161
502 153
733 70
900 81
217 32
267 3
976 154
103 65
29 53
822 121
82 36
243 18
491 176
793 127
309 127
1000 37
439 54
989 171
275 40
452 91
423 118
645 199
224 147
15 52
752 188
172 33
623 14
850 66
141 42
992 49
920 143
85 158
196 25
528 70
16 131
960 39
401 157
189 24
703 3
875 54
743 46
286 165
811 135
830 152
128 21
752 47
164 37
404 111
613 84
533 29
614 92
67 14
448 55
637 103
809 63
956 151
260 42
268 71
728 97
374 56
270 77
254 185
665 58
495 78
941 27
906 106
871 124
272 70
930 60
524 138
123 80
641 182
73 108
804 200
356 129
7 177
6 61
761 70
270 8
299 162
986 156
467 8
879 138
230 160
350 153
250 72
584 90
205 56
149 161
808 56
889 166
185 46
426 97
268 47
904 166
608 42
122 27
801 152
516 182
512 65
135 113
688 70
2 93
726 102
253 85
709 93
50 93
91 28
190 158
874 45
275 34
686 148
260 39
452 127
220 115
992 106
427 79
776 180
923 53
281 175
89 189
20 90
882 62
317 71
171 143
867 45
728 153
545 139
743 196
465 114
662 56
372 88
487 99
867 9
703 99
936 191
487 155
280 120
416 149
142 138
843 9
382 170
913 78
908 7
273 172
320 134
180 43
373 66
541 39
74 195
737 9
385 176
315 17
647 82
965 141
19 159
149 153
728 13
30 187
419 55
710 90
940 89
485 113
554 25
903 180
972 192
340 156
919 55
724 117
88 40
57 107
198 5
211 125
969 40
263 187
246 173
829 186
861 113
850 167
689 104
98 60
95 37
368 165
443 91
282 131
131 138
989 128
895 151
605 63
790 19
602 188
191 30
573 4
94 174
522 182
877 19
442 124
407 161
688 50
251 121
732 133
659 72
413 105
622 17
767 163
235 120
150 178
501 74
181 194
847 102
376 76
672 169
399 78
329 38
927 131
111 10
664 121
81 76
25 54
444 143
817 30
863 166
807 163
392 139
957 38
392 84
665 63
204 15
141 84
205 67
814 115
429 29
435 109
904 11
563 99
953 131
729 167
696 87
882 39
578 190
29 169
873 93
32 28
108 172
311 112
590 124
978 18
953 12
879 8
574 41
259 126
171 139
45 18
577 126
657 154
115 85
123 187
729 106
414 36
677 76
499 18
199 76
988 103
239 66
63 12
658 73
338 28
11 182
397 187
659 5
93 173
441 167
111 170
72 76
357 100
951 56
717 101
331 104
4 170
921 18
381 178
90 70
405 52
803 154
390 61
558 82
233 151
48 143
520 119
570 76
570 120
83 87
21 14
342 176
335 63
793 67
840 34
489 197
37 91
750 26
104 59
260 88
9 107
383 80
778 152
108 147
472 190
985 92
603 79
867 89
941 11
708 132
596 196
80 32
838 29
57 141
840 116
629 200
975 11
80 152
314 139
450 185
728 187
628 83
465 46
971 157
856 78
888 51
225 168
434 63
148 91
3 139
158 183
891 132
345 170
235 59
860 37
795 187
823 23
269 39
620 192
395 76
621 34
278 46
953 112
908 53
554 62
791 111
597 81
195 93
2 29
951 61
