800
100
421 49
286 197
653 169
26 185
957 140
175 107
246 160
568 29
166 23
297 30
311 193
580 9
407 137
313 12
573 159
364 193
7 49
342 11
769 167
996 78
259 122
784 104
233 103
932 199
77 180
780 140
324 160
948 131
648 60
494 20
370 57
564 128
858 105
739 178
624 86
55 34
959 190
737 192
244 20
942 121
951 121
412 74
432 159
4 31
971 49
650 140
58 14
68 115
470 158
244 45
595 51
678 153
840 14
744 36
785 37
108 135
758 119
9 141
877 164
972 47
565 173
539 22
538 6
888 8
763 131
452 109
781 82
261 173
895 157
408 32
393 115
766 102
385 126
395 61
842 166
460 6
690 198
27 28
955 114
235 69
396 38
777 177
519 189
501 166
745 60
149 90
126 66
991 110
392 185
122 33
102 181
990 192
930 16
19 36
281 5
656 76
994 32
204 65
173 104
982 117
315 130
406 40
395 149
949 138
133 71
370 187
3 111
378 85
726 148
520 158
704 176
34 49
959 37
913 131
293 94
400 7
375 157
399 170
905 147
907 190
769 29
976 172
339 105
56 17
804 127
774 107
454 159
555 13
396 20
895 40
65 46
998 40
803 196
209 59
743 67
800 63
95 175
634 186
831 41
202 34
320 127
492 173
486 199
537 33
218 184
624 82
429 21
721 183
17 81
994 111
748 193
325 194
920 159
979 150
351 132
736 22
859 27
147 144
625 83
928 42
818 151
476 199
171 148
533 139
829 78
1 128
671 78
121 142
988 100
43 138
631 178
712 41
357 58
536 181
892 63
175 110
365 2
660 88
549 192
778 177
70 131
656 92
808 177
385 195
228 179
484 10
557 195
51 65
52 186
245 144
401 171
5 117
772 64
4 121
207 182
49 28
912 105
719 71
833 55
865 60
234 100
269 142
895 119
406 146
257 2
241 9
773 45
125 144
908 129
216 67
262 17
94 125
673 165
595 105
619 11
564 52
510 32
345 4
503 150
702 111
752 142
119 76
539 195
771 198
75 187
264 136
955 158
212 27
522 158
131 92
320 46
696 30
229 40
585 131
790 38
841 93
932 111
768 70
906 90
619 132
228 83
20 182
592 31
808 65
741 90
956 60
335 51
241 164
43 26
646 32
815 39
76 146
149 195
567 6
84 138
738 112
420 157
493 163
339 53
179 31
294 86
491 29
489 131
544 131
908 189
714 123
27 189
820 128
983 139
933 66
276 22
729 47
130 174
761 69
226 139
899 119
424 141
499 112
472 42
794 131
583 107
805 9
295 25
136 29
715 21
695 190
442 175
36 172
348 196
392 125
86 42
444 109
735 94
773 158
336 166
288 118
425 93
878 119
69 166
348 183
786 194
124 179
520 111
502 68
658 45
792 143
887 187
603 173
881 127
530 16
645 17
485 69
261 114
787 81
79 86
463 16
231 138
795 151
448 96
618 105
541 161
847 179
348 2
103 28
528 32
795 172
800 79
592 61
992 179
741 23
216 156
638 199
493 184
549 93
432 118
397 124
278 196
102 25
397 4
204 76
187 198
800 186
628 191
398 20
121 91
394 137
46 183
487 90
167 35
534 198
904 131
921 181
878 174
158 74
929 161
901 115
711 100
452 138
91 50
309 163
340 102
251 137
85 137
978 51
123 112
200 26
442 120
559 119
493 116
944 173
428 196
887 90
896 138
828 138
187 136
900 78
190 151
614 26
887 192
228 10
103 27
35 96
546 145
566 190
12 61
162 192
56 200
281 151
737 108
640 76
596 140
505 137
690 119
762 128
62 189
289 116
415 76
763 112
620 128
53 32
540 14
423 195
965 103
898 53
163 137
328 110
428 185
246 69
655 159
397 116
347 37
583 113
712 97
776 132
24 28
315 115
393 137
509 157
791 158
409 105
647 89
414 74
273 11
543 127
369 91
994 67
327 128
531 39
624 106
722 199
133 36
913 77
124 173
233 114
531 194
219 177
82 184
602 106
995 144
984 115
786 177
782 113
256 112
503 79
970 176
229 54
963 141
331 86
265 115
351 147
908 121
675 189
905 77
694 51
772 77
317 158
5 98
22 60
762 76
490 131
803 118
184 165
210 66
850 75
781 200
621 88
121 96
29 177
924 122
979 95
751 95
604 107
393 177
367 106
852 8
588 54
926 123
770 87
989 19
961 121
171 134
808 43
581 36
19 104
910 197
550 60
291 154
766 35
130 84
892 134
44 79
339 121
954 109
807 142
79 120
62 49
405 21
243 185
409 61
840 118
609 141
329 52
894 46
638 176
930 130
61 173
360 151
293 113
859 51
606 138
570 19
538 174
240 181
310 48
393 101
317 154
242 45
957 87
90 194
214 171
475 74
695 35
25 139
499 35
790 57
524 111
475 14
37 66
194 146
65 138
199 181
291 40
377 47
926 19
193 140
189 67
765 84
853 141
222 104
376 11
160 51
74 186
664 110
52 57
807 68
147 5
201 189
444 129
388 122
747 180
213 136
598 177
819 3
470 192
858 45
755 17
95 28
354 111
937 157
319 143
225 65
748 177
254 143
705 193
616 52
924 28
387 121
157 157
675 26
948 132
822 102
900 68
881 54
378 17
10 97
912 186
161 11
362 166
553 67
110 169
870 33
348 8
906 104
164 180
481 63
464 102
517 163
570 197
968 99
566 130
995 77
915 108
487 29
625 191
695 135
911 116
767 59
523 72
114 86
604 195
500 19
896 16
133 17
413 101
116 130
430 110
806 96
969 44
324 194
34 170
328 97
285 46
907 7
470 20
844 25
614 144
843 62
711 175
678 75
427 145
804 56
607 9
552 175
604 75
168 190
245 47
286 81
645 192
688 114
211 83
538 177
578 180
38 89
706 67
763 133
564 167
340 170
527 43
744 131
118 64
120 114
462 157
946 106
948 185
219 110
868 108
38 197
839 27
85 145
494 200
29 9
118 168
578 196
611 73
478 80
936 197
145 198
353 90
855 52
75 74
514 94
533 151
90 172
978 127
268 23
78 48
231 195
15 160
542 177
832 20
408 168
968 104
517 73
346 171
324 172
796 37
417 129
740 58
52 117
384 71
891 13
318 121
359 84
280 101
13 111
920 172
230 87
676 98
559 173
821 35
496 16
423 112
296 162
769 99
230 105
369 120
317 38
592 76
722 23
928 134
686 47
505 67
85 132
365 196
904 185
582 151
152 4
662 200
518 183
850 99
287 19
571 155
256 162
982 129
385 109
62 22
107 119
688 144
450 52
539 106
588 72
456 140
475 70
891 144
252 140
443 138
310 13
844 118
526 26
246 62
734 60
683 193
578 171
736 27
774 26
84 114
97 92
805 123
361 95
619 12
786 13
501 96
777 144
13 102
521 10
916 7
269 198
799 46
320 86
225 46
863 108
159 159
199 163
233 111
9 51
522 194
615 174
889 191
70 53
693 142
863 8
548 131
557 98
977 29
583 153
26 197
860 184
107 11
498 140
321 106
542 195
299 157
920 140
899 189
792 191
931 6
550 30
137 59
528 65
39 62
17 64
259 28
599 165
990 96
56 63
601 150
209 51
458 128
790 156
469 134
299 151
939 200
580 27
658 59
891 96
921 59
111 131
487 109
247 28
804 55
