800
100
705 19
261 198
998 66
584 122
297 121
29 127
673 106
939 109
601 199
91 69
599 92
886 6
694 152
780 74
925 190
291 181
360 151
178 158
416 161
279 113
433 59
191 105
165 129
965 117
327 55
786 78
498 23
635 191
726 14
16 50
555 106
631 115
857 160
272 72
273 102
336 105
913 127
162 29
7 126
545 86
533 130
315 182
704 149
925 30
715 140
79 69
246 61
183 102
573 6
725 45
60 13
549 172
939 62
400 97
540 96
334 72
978 48
805 81
949 129
110 63
669 141
931 66
953 66
719 125
623 43
721 82
855 70
5 145
331 156
794 70
52 127
293 29
127 50
709 75
178 171
737 198
63 19
815 15
836 133
892 59
328 12
492 134
233 97
679 116
604 24
137 55
950 182
683 76
231 144
502 160
914 38
958 128
257 172
694 92
305 185
902 32
549 146
165 133
242 195
400 197
370 137
852 72
670 134
99 100
629 1
659 94
838 168
221 46
92 115
890 196
851 143
379 151
888 95
884 81
442 35
678 163
171 129
834 192
414 133
91 195
533 102
288 122
69 109
168 160
775 9
907 177
551 37
728 191
884 163
271 77
597 148
839 120
828 73
311 194
605 154
988 89
855 75
210 75
135 129
787 109
489 93
886 40
682 165
830 165
279 52
241 75
400 31
346 179
103 57
172 59
410 159
547 16
434 109
890 168
837 76
829 126
721 66
717 2
30 98
318 108
349 110
534 100
340 80
679 43
536 50
501 97
9 200
912 194
508 1
713 96
829 141
21 149
606 89
950 187
986 19
646 87
528 132
786 67
411 16
661 98
666 162
946 26
913 57
171 20
9 83
115 37
776 88
737 133
928 38
72 114
656 117
952 183
248 137
402 10
553 62
659 170
575 4
947 87
460 117
258 21
351 125
9 126
212 146
859 91
135 82
756 191
998 107
325 198
796 126
959 148
788 18
269 162
221 15
201 33
683 58
853 33
182 13
511 145
958 121
236 93
2 191
235 151
50 159
300 45
637 59
544 176
228 12
137 48
26 137
832 60
147 36
92 128
249 2
73 158
674 60
2 75
2 36
26 51
147 125
895 135
935 38
910 162
601 198
962 178
87 193
37 33
829 81
560 29
82 184
986 108
995 140
782 197
927 159
399 73
836 94
559 170
83 68
932 84
866 45
661 152
37 98
184 17
178 95
997 11
431 135
718 25
674 52
773 200
10 172
25 45
465 183
967 99
51 98
582 116
494 195
219 130
292 2
99 21
848 47
783 78
781 101
55 54
704 27
406 113
998 30
910 14
364 76
713 14
125 46
681 18
240 99
499 83
652 149
703 100
396 86
129 176
338 183
982 41
10 187
105 159
168 14
173 131
889 37
945 165
882 177
982 122
228 81
4 31
429 59
730 24
544 11
352 33
393 133
625 154
71 129
465 38
95 37
768 135
225 64
700 106
41 33
579 20
513 183
850 94
993 132
469 88
142 20
120 86
504 96
992 174
176 56
811 70
444 131
957 68
994 56
125 186
688 104
5 153
638 7
846 182
138 66
869 79
486 140
516 141
435 59
267 10
314 77
880 109
359 188
128 105
843 5
90 82
308 47
786 97
653 183
278 190
649 98
420 86
837 87
826 71
146 92
880 11
521 111
920 31
298 199
935 92
3 25
726 62
823 111
310 75
494 139
616 94
436 187
979 72
25 156
894 170
600 174
333 120
236 4
350 86
2 37
729 5
661 54
18 35
317 128
661 162
266 28
655 102
14 185
325 190
140 19
912 139
344 44
210 179
847 160
816 48
196 145
204 8
998 22
394 114
549 54
827 166
681 81
867 46
465 192
435 5
762 98
695 105
941 105
35 139
816 51
339 163
395 142
570 192
115 115
58 15
368 84
181 48
717 199
445 181
942 79
137 103
577 32
807 69
736 42
8 151
692 146
913 86
239 34
829 106
148 86
720 67
122 52
914 38
651 110
370 192
588 107
295 116
690 53
737 177
294 144
679 137
441 143
774 31
776 3
736 75
840 56
141 113
707 6
150 157
467 72
301 6
378 195
922 19
47 10
195 93
753 73
381 145
815 155
575 142
109 111
568 148
118 60
613 24
817 162
533 83
985 185
688 114
779 161
132 177
970 78
221 74
902 2
970 68
756 145
9 16
207 128
515 124
339 127
499 155
241 183
789 25
567 29
939 97
789 70
226 111
100 46
536 1
399 106
69 106
402 29
721 8
357 36
283 95
362 181
202 2
516 142
827 82
170 117
131 111
186 156
421 85
801 108
638 152
813 106
57 14
134 178
173 42
13 55
537 126
588 90
328 103
783 106
536 153
622 18
263 159
373 35
796 126
694 33
77 107
138 133
72 23
262 197
465 74
51 153
1000 190
442 79
92 24
184 180
528 157
997 142
667 122
528 62
599 22
246 75
80 183
159 103
6 21
99 70
46 102
822 197
491 15
75 183
190 10
914 118
766 62
211 33
983 139
246 181
312 92
607 143
226 118
245 31
538 144
52 135
197 25
332 87
191 6
621 181
16 134
450 133
148 12
917 130
750 115
63 13
6 21
155 31
138 200
814 27
95 17
962 91
442 45
329 184
50 150
716 17
835 117
902 182
529 170
464 30
684 78
43 89
250 197
272 188
948 85
766 194
653 79
36 46
723 165
430 125
666 145
893 100
662 146
834 142
316 49
171 199
526 13
40 175
762 111
514 109
747 32
455 199
62 90
845 185
854 26
261 119
770 105
371 183
651 4
324 166
852 95
964 129
59 155
855 20
665 121
881 163
352 135
162 13
824 158
549 30
335 161
900 104
666 70
239 116
825 114
281 28
760 196
108 19
951 163
990 167
35 22
730 138
908 43
502 84
952 51
113 86
563 164
741 28
986 131
895 10
245 127
190 156
475 97
526 25
611 68
743 45
89 24
382 149
418 84
432 169
286 96
6 48
259 99
428 44
429 122
406 25
201 195
381 75
243 106
451 54
125 193
498 14
369 32
562 186
467 145
507 104
240 64
303 50
962 130
446 191
404 51
415 4
797 147
278 39
405 128
892 129
272 142
94 40
325 7
778 191
351 36
894 142
499 148
792 61
278 189
203 33
439 169
636 187
116 65
625 72
344 69
400 167
962 46
959 86
852 136
428 155
723 73
496 21
220 39
33 49
227 35
881 17
204 68
603 71
484 180
894 27
800 45
146 161
490 104
398 94
191 177
248 113
849 95
133 20
86 118
269 64
752 101
681 107
369 35
329 4
566 22
383 165
867 128
477 108
631 74
401 21
50 200
85 50
447 169
670 132
86 90
195 38
790 27
496 110
214 25
714 179
46 96
144 64
623 172
972 5
846 124
425 47
76 61
497 122
429 166
405 115
455 151
352 196
178 47
106 191
23 19
521 21
914 16
684 88
988 7
492 185
731 68
431 6
128 127
679 156
444 83
70 50
33 173
846 162
972 103
304 146
121 25
766 186
840 50
273 179
456 164
363 138
31 194
343 158
72 21
65 68
455 135
469 88
259 66
49 182
968 153
928 40
529 93
825 168
142 97
899 150
860 61
487 42
406 182
399 30
554 16
49 9
950 117
848 160
183 96
142 102
600 21
942 128
113 166
848 7
215 146
