800
100
854 130
813 145
755 52
55 9
792 73
677 82
746 32
31 51
14 69
797 113
93 117
942 2
356 99
560 145
713 52
822 118
581 186
214 135
438 68
296 29
140 124
62 37
308 93
839 73
513 36
585 5
152 126
358 59
977 118
804 89
569 177
606 101
962 171
188 199
438 35
980 130
158 193
166 65
485 157
137 198
992 74
954 95
599 112
706 175
229 109
615 149
485 172
1 198
742 188
197 132
22 128
461 132
920 178
348 157
334 85
106 77
558 59
524 108
722 29
435 150
89 1
450 173
973 51
370 66
990 118
949 164
797 9
895 117
739 42
473 24
78 130
453 187
988 176
847 110
204 33
11 44
33 13
216 157
263 137
775 4
207 123
967 3
484 13
71 22
807 95
645 84
824 49
223 164
424 69
225 179
701 35
622 85
399 189
794 61
478 168
617 84
290 183
38 125
148 109
346 154
3 143
837 179
791 11
342 167
831 166
545 83
152 119
968 151
707 161
563 184
680 131
219 121
114 57
446 61
365 143
566 119
837 154
897 180
165 190
546 195
507 42
878 11
960 197
913 19
309 75
554 188
358 173
660 71
381 105
83 145
600 200
815 36
753 64
415 117
653 160
264 112
754 93
522 113
689 34
83 149
260 37
688 17
761 147
439 141
804 73
237 3
872 51
838 25
114 53
893 119
564 156
982 117
1000 103
382 88
288 64
388 99
452 75
868 164
422 106
56 25
531 92
979 154
695 16
730 160
420 23
630 136
130 11
652 130
465 185
169 152
201 157
3 52
631 70
568 4
527 23
980 57
267 158
163 113
126 92
472 145
514 54
880 196
64 84
125 129
268 93
632 68
201 34
472 184
503 191
587 182
365 167
790 31
876 152
295 1
844 167
898 109
572 129
704 35
364 180
515 32
825 147
451 25
780 74
208 35
664 147
368 181
65 157
363 140
109 58
293 152
776 142
12 147
670 116
981 34
895 96
17 119
994 19
96 125
93 103
111 108
801 78
488 65
635 51
157 143
860 49
46 35
990 9
981 11
124 113
396 171
160 12
441 153
583 136
630 75
191 140
134 191
218 174
856 4
824 12
298 35
812 95
669 153
103 1
163 179
313 159
949 25
322 141
977 104
277 158
930 67
698 64
809 67
389 64
470 164
27 167
598 38
813 66
990 115
266 105
493 130
415 193
754 136
534 83
640 162
40 121
628 137
336 36
355 124
452 24
287 30
942 84
668 106
501 9
21 166
865 65
696 79
10 1
15 143
883 6
704 123
926 83
11 14
470 166
337 73
541 176
103 35
211 122
940 112
482 112
477 147
177 124
625 186
325 39
80 159
996 135
481 74
817 92
887 38
209 175
911 149
902 165
935 113
486 75
824 167
186 52
313 114
528 138
899 52
928 178
762 76
112 43
549 80
86 187
270 46
713 132
394 15
896 81
727 181
555 102
699 92
553 12
806 80
301 56
283 180
386 45
855 49
639 155
129 124
893 150
369 158
281 114
572 176
146 50
908 52
551 6
144 103
617 101
535 69
708 17
849 93
861 55
942 99
162 22
574 6
171 94
363 51
760 86
978 105
287 85
957 37
490 52
292 59
752 26
79 11
642 79
904 55
686 197
705 47
618 31
604 140
276 167
942 35
604 119
292 91
155 200
79 196
51 170
806 154
547 85
964 189
163 67
395 48
415 51
46 32
81 50
523 109
968 64
743 171
734 186
813 88
985 92
236 187
261 41
540 8
925 104
348 88
722 94
287 89
544 133
520 177
334 195
685 53
858 179
223 144
165 36
183 101
927 18
888 139
459 27
346 183
282 45
822 156
138 109
844 82
793 115
658 78
461 94
130 119
472 104
614 188
739 196
489 17
214 176
908 72
154 53
406 188
650 28
143 187
688 138
820 32
404 29
309 65
522 190
535 194
493 148
981 184
295 21
952 108
196 59
531 102
464 137
489 113
164 183
251 3
672 71
34 75
899 94
291 21
835 25
414 127
324 146
262 19
567 166
478 114
424 9
815 39
297 55
351 60
989 2
14 60
672 47
87 122
92 177
342 126
554 107
252 29
205 66
847 171
431 77
236 6
37 3
445 133
57 195
144 46
748 157
57 171
203 143
693 46
520 186
571 25
493 174
653 49
39 52
171 21
528 6
27 116
808 71
248 17
617 191
614 117
899 70
487 53
813 131
98 84
917 68
108 161
841 112
161 32
963 131
404 42
736 30
757 96
252 156
112 21
98 77
937 196
746 175
448 110
658 145
593 126
212 52
686 5
516 198
988 78
528 143
672 63
525 180
510 176
136 173
348 33
49 84
581 195
411 28
56 68
573 49
993 136
52 30
892 167
227 31
397 106
974 20
720 98
199 30
625 86
202 173
271 3
608 3
749 18
230 4
437 154
804 181
290 8
810 133
774 188
116 122
493 89
293 13
938 44
794 162
881 195
534 151
949 94
353 97
863 135
501 100
88 104
432 129
511 194
262 37
981 177
510 26
817 3
390 154
998 183
667 78
529 153
381 78
46 85
174 108
19 74
559 107
330 191
187 192
584 200
180 116
528 90
741 144
844 82
449 41
664 116
718 193
668 98
22 113
183 195
972 153
221 83
11 102
873 198
93 8
997 25
723 125
314 16
220 109
649 69
349 113
784 18
857 51
868 30
515 2
424 86
954 196
368 117
249 192
514 94
399 62
318 74
738 183
641 158
491 89
626 191
953 161
608 161
211 75
390 77
228 166
562 134
513 82
850 162
873 163
455 24
576 172
449 114
754 41
271 196
729 96
786 34
656 193
194 18
220 136
294 199
101 7
332 13
840 181
374 65
895 180
688 71
303 88
784 8
928 54
3 8
301 188
393 108
533 187
877 104
522 122
902 174
728 34
586 168
414 112
632 109
491 71
131 146
510 114
553 37
319 108
796 19
695 189
278 179
127 154
682 200
675 184
973 154
169 110
321 134
221 104
594 64
326 124
209 35
637 113
623 155
20 19
925 67
959 2
645 37
707 79
436 181
614 160
135 182
669 7
715 42
463 109
657 188
32 17
623 21
329 45
327 149
15 4
767 125
805 163
761 112
441 148
244 54
307 178
187 128
537 102
921 199
562 177
786 145
145 160
317 73
357 44
173 171
247 139
48 3
702 8
266 94
356 110
900 14
239 86
693 175
339 13
125 100
541 111
197 85
22 113
510 178
508 34
101 106
973 148
861 26
307 126
871 14
987 170
380 178
856 72
704 194
37 29
446 129
91 194
966 112
858 75
490 166
508 142
823 32
441 35
209 147
161 80
761 99
849 140
428 56
563 132
602 199
312 199
880 2
392 45
865 49
671 106
966 178
647 189
362 87
823 122
834 135
1 146
186 2
437 13
609 199
96 10
950 7
608 29
808 151
673 25
600 95
730 165
872 177
705 185
815 80
507 48
566 59
945 151
60 133
716 21
732 163
230 33
570 190
861 129
540 85
753 139
579 83
56 2
211 112
739 25
991 45
25 109
455 169
11 115
54 126
535 185
889 116
169 10
305 29
538 197
265 43
687 195
477 142
348 87
206 86
63 148
682 87
456 137
408 67
3 61
192 89
597 32
4 165
593 61
145 83
209 9
125 95
955 153
989 102
