500
500
952 70
721 101
802 125
344 96
404 3
340 105
615 34
517 67
809 74
464 96
891 81
120 109
723 103
72 112
51 71
123 112
403 6
495 116
328 120
608 61
530 23
40 56
608 51
496 95
905 112
68 78
683 68
60 14
179 13
669 122
916 99
975 86
396 55
640 109
885 111
573 65
524 52
271 28
722 8
746 83
296 114
666 42
754 59
457 96
427 76
265 91
513 54
847 90
930 74
161 83
193 111
360 115
743 49
80 22
63 49
884 70
944 26
376 37
287 114
229 28
329 47
611 39
65 84
253 65
798 81
790 15
536 73
563 57
189 85
303 36
562 19
334 97
93 55
15 122
407 9
434 51
766 51
51 65
455 58
723 119
387 71
890 43
204 122
723 27
8 120
992 29
252 117
241 20
91 3
364 78
413 117
140 16
666 59
485 124
410 46
650 80
235 110
175 109
330 10
679 53
428 122
496 95
81 103
825 97
953 55
384 125
871 95
222 42
919 10
123 101
821 47
356 123
800 62
36 115
763 36
984 33
247 119
789 106
243 114
426 62
44 8
906 77
499 26
956 65
404 36
725 16
967 102
676 53
163 105
623 110
87 94
163 14
231 12
423 107
206 70
359 92
134 55
845 36
761 51
231 24
318 69
884 66
498 50
290 61
724 113
423 82
796 34
498 20
452 107
695 58
170 95
650 103
711 43
634 98
635 38
325 92
344 66
795 7
448 81
256 22
363 31
138 18
656 78
172 118
356 111
310 55
220 20
252 9
546 72
677 13
178 92
928 14
934 58
867 109
386 101
403 43
728 115
280 88
416 23
884 93
706 8
21 85
676 62
874 62
122 9
226 112
37 86
483 77
719 6
705 89
402 112
105 111
556 70
205 106
907 87
415 51
289 43
878 88
596 50
485 16
374 49
59 61
260 38
295 115
864 120
430 80
632 66
41 59
64 102
967 51
490 76
493 105
748 25
408 77
522 102
172 42
914 36
61 113
91 37
237 84
706 125
905 15
922 87
25 40
14 78
338 31
140 71
992 77
553 106
442 69
813 63
402 81
129 90
196 46
440 84
311 16
435 11
723 44
216 3
9 9
953 68
490 104
736 25
60 24
818 92
946 6
110 99
636 42
775 31
626 48
749 2
584 34
523 83
188 68
786 20
27 108
534 25
303 29
822 68
453 89
957 122
656 67
882 16
338 20
837 103
157 14
942 27
710 124
312 77
539 99
436 65
912 95
331 113
226 32
445 48
70 110
222 3
110 116
325 104
137 75
774 80
447 92
871 20
25 41
563 123
334 44
788 120
891 74
358 3
731 69
359 120
765 108
208 47
458 38
861 7
339 40
407 35
543 118
311 23
71 123
94 74
407 44
89 84
29 51
770 59
643 42
274 61
651 6
17 81
708 52
733 107
179 122
992 49
158 86
120 25
254 28
593 14
261 39
833 2
522 75
499 56
671 12
503 101
192 84
740 85
787 71
337 1
814 58
385 116
172 72
648 50
92 65
459 42
96 63
452 78
101 52
255 125
819 43
264 64
599 112
25 98
552 27
662 29
838 17
790 49
217 68
705 8
817 84
29 98
860 17
822 9
565 68
23 124
824 1
526 3
105 33
166 69
310 48
536 15
699 14
294 24
53 66
945 108
508 1
595 58
880 118
898 76
942 123
37 88
522 97
728 60
856 45
683 47
480 85
785 34
546 13
738 62
192 46
412 66
562 22
407 67
86 96
461 3
94 116
243 114
160 58
696 85
587 86
200 93
378 14
667 46
617 6
456 66
549 82
939 119
439 99
774 20
828 36
121 76
460 113
96 55
362 85
12 14
199 14
62 1
291 41
483 63
570 27
88 115
784 71
344 90
714 48
362 5
557 74
719 38
33 48
557 63
482 5
76 33
25 29
246 84
355 55
415 80
460 106
345 16
625 44
511 2
215 10
261 100
631 22
549 98
257 81
632 58
863 105
842 32
401 49
788 72
937 74
584 9
16 106
686 96
982 22
183 2
84 118
903 119
851 93
36 101
522 16
915 78
456 7
886 114
425 18
454 27
85 96
585 29
707 83
48 26
941 58
226 67
158 21
260 87
962 103
51 61
651 53
909 39
405 63
735 68
383 92
845 40
693 28
461 125
824 101
278 81
398 60
576 109
96 73
287 49
69 79
541 28
190 120
629 46
699 21
155 2
336 63
855 117
382 91
827 125
322 28
439 17
643 114
938 34
520 65
579 52
736 47
449 119
385 71
776 95
713 92
664 38
707 68
