500
500
185 30
199 53
257 45
991 14
372 62
728 38
453 7
217 50
72 86
428 90
158 44
337 116
564 75
946 73
745 109
157 2
640 47
910 37
324 115
641 38
202 54
646 37
444 56
927 106
597 37
224 48
178 62
175 108
797 81
499 124
953 77
812 19
866 26
164 80
987 48
825 78
290 100
595 43
592 96
272 78
779 52
271 77
648 42
960 19
187 32
649 41
117 4
178 80
315 105
109 100
754 107
666 54
566 26
596 82
680 50
3 15
745 123
880 12
944 100
206 53
151 125
276 89
171 96
744 65
996 70
797 3
348 72
770 9
13 2
162 37
851 51
161 35
483 82
324 46
479 97
354 85
187 102
540 28
562 53
935 104
595 22
619 72
758 124
687 112
746 95
685 73
66 85
869 104
325 53
426 33
23 87
284 7
343 57
140 5
190 58
217 40
379 41
877 74
970 102
308 123
44 37
586 78
851 41
460 21
43 7
131 50
19 10
663 107
62 78
874 104
585 120
344 105
520 28
415 125
148 72
605 106
684 20
317 48
772 9
647 3
792 32
751 60
626 9
989 55
583 57
333 30
838 43
602 15
231 82
731 44
839 26
694 41
738 59
662 108
704 93
122 30
647 66
265 56
524 14
999 67
418 84
686 69
782 78
331 74
461 106
784 34
951 89
68 45
476 59
914 11
813 43
305 46
311 66
234 105
495 107
148 120
106 98
493 31
591 38
854 116
454 53
970 112
312 54
354 85
777 79
3 22
665 21
862 42
274 15
252 100
253 39
563 46
781 1
389 13
148 53
764 32
468 45
82 79
422 100
425 81
165 38
163 40
332 55
513 13
638 101
835 95
826 45
954 60
520 101
887 46
180 92
618 8
757 32
500 19
884 122
993 93
716 9
824 103
576 2
637 16
191 67
935 25
153 22
855 63
930 24
334 91
413 109
16 95
997 97
489 45
792 120
336 13
116 54
191 74
392 76
345 102
929 39
289 79
594 105
872 21
728 20
521 121
647 66
683 120
513 82
966 42
780 7
203 114
960 81
591 9
967 28
465 15
412 28
567 76
135 103
923 95
740 72
673 111
612 65
320 46
860 42
481 70
963 118
458 44
999 68
388 15
91 28
205 119
351 22
557 32
756 108
90 78
137 6
481 110
690 38
631 32
626 87
628 23
245 109
812 67
696 25
468 108
204 101
430 73
918 59
208 56
657 103
961 40
90 56
998 79
167 55
313 48
603 56
814 45
798 68
448 102
739 76
423 12
377 95
835 85
558 42
110 73
152 43
290 121
498 74
158 81
820 27
578 15
72 28
842 40
774 53
577 67
328 44
652 123
846 13
975 124
955 124
875 119
370 90
22 119
827 55
428 50
344 124
311 41
255 15
132 121
324 109
665 54
430 56
424 110
795 104
677 75
210 65
206 7
340 98
338 99
678 116
741 29
80 28
936 78
855 70
879 19
250 120
458 79
618 117
875 51
379 15
125 106
808 124
733 125
371 62
132 34
219 99
627 55
35 39
189 38
730 120
515 71
776 90
834 48
768 3
859 70
977 51
767 72
70 68
142 111
958 60
841 105
411 111
220 87
274 79
911 63
127 70
972 29
838 93
332 75
619 115
7 30
639 109
406 20
903 38
643 78
903 116
497 28
788 37
913 98
293 45
536 43
714 66
11 40
60 23
84 100
521 42
307 33
801 46
905 85
323 89
17 63
714 22
532 53
327 125
961 28
911 60
656 47
41 74
616 48
174 10
286 50
4 73
678 50
799 88
321 119
674 59
156 6
727 119
153 35
179 81
138 114
945 26
51 13
732 61
651 29
884 72
52 52
724 110
868 101
299 119
631 98
852 105
272 47
705 69
483 31
562 50
226 42
30 38
702 36
173 67
750 6
712 23
379 121
937 3
146 104
781 104
863 113
665 83
460 30
352 121
266 47
739 83
340 47
561 14
190 80
837 91
301 4
866 20
199 34
464 43
409 57
191 104
885 105
584 65
498 72
103 109
375 39
423 108
887 35
322 23
754 58
221 66
664 87
633 32
998 44
700 22
976 7
624 11
634 9
333 66
605 42
174 89
656 37
496 87
135 75
715 66
296 73
732 49
787 2
597 14
110 12
197 119
237 73
741 2
729 118
770 14
783 125
984 37
297 119
802 51
92 77
436 109
446 70
267 77
113 26
614 70
821 90
935 95
739 59
568 34
908 114
661 21
410 112
208 97
178 42
102 18
114 112
496 88
286 114
728 106
239 92
753 35
763 99
