500
500
517 115
972 115
882 100
701 77
236 105
538 49
7 31
700 56
273 35
741 75
785 85
398 100
798 19
60 45
368 96
249 104
986 46
936 84
213 38
681 16
7 16
781 21
904 15
432 112
921 34
596 57
317 53
971 104
996 82
764 120
60 58
59 27
385 5
204 20
183 16
807 78
647 105
55 37
466 46
546 64
900 23
688 111
760 23
521 93
881 39
878 117
528 52
768 112
901 108
916 27
682 118
569 125
36 21
286 98
927 29
333 102
456 90
939 122
243 45
600 74
265 22
311 24
766 21
190 116
230 105
410 64
89 14
223 125
717 105
276 39
314 85
939 6
84 47
118 15
702 6
568 50
815 13
317 47
903 43
517 96
211 1
322 29
770 101
87 108
301 72
233 125
214 91
67 89
406 52
492 72
676 89
218 67
761 21
32 33
204 94
628 80
808 63
177 37
414 54
892 45
395 5
714 108
97 91
753 118
383 41
506 23
714 37
812 58
363 84
914 35
371 63
634 19
77 124
850 69
139 82
233 33
945 68
181 44
820 62
457 3
108 59
648 49
850 90
184 15
900 106
992 17
112 19
827 56
247 31
175 40
325 92
344 121
249 79
486 47
235 22
564 100
449 107
39 119
487 88
181 66
618 36
890 62
597 14
83 19
957 58
76 14
410 17
580 40
832 85
793 123
717 71
635 79
374 59
977 16
909 48
660 26
563 9
895 4
638 66
88 113
697 121
747 114
454 46
323 87
242 60
992 37
224 88
929 38
354 43
520 34
473 20
761 84
116 91
186 62
493 118
495 108
211 106
738 118
522 75
804 9
397 60
154 87
802 6
842 100
177 29
593 98
75 85
684 13
116 22
525 31
614 13
238 66
770 55
334 8
636 70
155 59
484 27
529 117
170 19
958 93
581 3
367 28
971 77
685 14
78 71
976 38
712 117
677 84
615 21
599 120
222 115
705 22
86 108
13 63
524 14
36 61
994 125
896 53
483 13
862 76
954 40
19 77
538 65
680 95
834 47
35 69
279 58
867 122
119 100
34 123
985 62
105 32
143 74
565 118
290 45
753 9
473 45
485 25
509 65
475 7
808 17
262 40
90 32
38 56
526 35
751 84
473 106
18 21
444 118
122 8
477 39
629 63
567 124
812 77
61 105
69 32
359 47
700 117
340 96
275 118
548 101
648 77
231 82
245 40
267 124
954 76
693 38
477 46
686 66
404 120
35 73
803 12
907 69
930 40
293 20
596 113
745 20
649 42
493 68
624 7
201 11
841 103
527 105
597 71
104 54
373 20
419 81
748 70
538 14
69 53
228 113
644 26
999 10
379 103
150 29
200 116
130 121
724 78
67 60
602 122
222 12
572 124
769 26
183 9
527 52
833 114
313 84
603 13
225 83
830 111
381 38
790 78
619 94
640 104
939 122
666 67
393 111
472 18
679 103
133 16
504 89
419 18
778 40
620 24
939 63
705 84
947 33
718 10
870 92
431 61
665 98
703 9
708 53
505 64
850 95
591 58
79 78
126 33
236 46
276 42
939 53
685 35
691 65
787 63
638 116
683 104
611 27
638 52
577 9
350 11
304 105
4 21
148 93
562 20
349 49
217 11
302 41
347 74
949 98
752 53
538 60
362 70
175 101
956 102
137 82
878 88
432 15
676 26
739 8
922 2
11 43
424 17
51 58
784 59
747 84
236 63
200 13
258 104
286 50
840 54
672 76
36 64
685 57
643 93
458 17
965 87
607 125
350 50
271 77
909 27
639 119
302 29
481 115
538 57
283 7
227 101
985 28
799 94
995 53
83 121
530 7
727 25
345 75
766 54
867 80
324 68
35 80
531 52
615 79
59 29
731 40
368 36
406 35
186 80
249 81
603 70
868 58
463 5
240 112
306 75
92 92
406 124
787 52
991 113
309 118
63 63
563 74
256 85
125 2
292 96
380 94
775 64
760 31
78 90
222 96
868 3
245 42
338 34
914 53
865 84
768 8
200 43
691 37
910 19
456 71
630 49
327 53
1 125
105 89
396 38
954 40
419 40
407 60
153 27
967 108
193 70
714 52
262 36
699 49
588 72
424 46
156 109
853 15
855 101
805 63
147 113
862 61
477 37
826 95
43 106
600 53
744 100
823 31
527 62
300 112
728 38
511 52
249 86
244 36
78 118
890 93
740 3
401 87
118 15
508 20
443 22
540 74
648 69
429 26
981 102
283 58
369 35
301 66
562 91
970 117
672 112
865 1
606 112
790 19
273 86
