500
500
111 56
873 113
413 87
74 41
881 54
530 36
684 27
779 111
49 102
13 12
992 79
566 73
253 112
937 37
189 117
511 105
924 38
836 82
490 22
497 107
522 71
132 96
285 21
44 5
852 54
234 89
600 116
860 30
16 49
361 10
168 34
353 119
656 39
337 20
254 70
16 52
584 79
388 13
32 54
81 14
496 91
371 26
134 79
137 44
592 80
177 36
506 94
505 68
730 104
412 114
572 48
623 41
38 48
238 109
142 48
403 36
344 44
603 93
944 53
291 66
153 81
547 118
757 105
313 103
778 120
72 71
979 100
725 51
686 65
747 41
358 12
314 55
538 74
243 117
355 8
324 98
435 54
618 108
267 15
943 122
398 117
916 48
596 55
331 107
164 101
486 17
719 41
628 103
897 86
602 42
455 7
648 4
32 115
744 102
694 19
293 91
289 31
987 70
325 65
451 108
298 116
337 20
377 74
528 7
552 124
756 48
603 113
161 90
437 86
814 41
511 95
258 63
69 105
497 7
588 86
635 42
882 78
933 35
370 51
14 21
247 38
99 9
911 92
730 51
378 125
556 2
337 36
166 59
936 28
733 90
700 59
97 78
720 55
611 50
131 65
78 67
799 80
857 84
719 23
472 18
932 4
726 19
443 94
920 118
753 10
327 78
509 41
106 92
744 20
140 27
169 94
774 112
33 56
66 2
790 66
694 66
327 101
153 81
588 50
401 64
36 52
533 23
860 103
541 20
9 124
381 69
830 69
847 61
163 9
907 59
708 65
446 15
336 22
511 100
334 38
836 61
739 117
998 103
436 26
639 113
502 68
539 84
988 124
969 19
140 22
503 11
986 74
626 30
461 112
882 74
274 117
826 3
774 46
597 63
393 37
26 79
313 4
811 110
97 43
643 78
751 82
536 70
863 87
155 48
400 18
746 63
405 2
577 51
342 95
936 12
347 110
225 53
833 68
311 48
14 15
479 12
281 123
737 32
457 43
388 77
88 94
524 67
362 18
419 47
672 63
780 53
877 101
744 76
372 62
670 90
469 9
501 23
200 107
394 17
874 105
863 9
746 45
977 22
744 109
44 70
221 49
679 104
672 40
367 107
606 125
882 23
883 38
65 64
715 73
64 83
892 79
382 105
951 22
647 89
812 54
173 107
851 119
825 111
269 91
534 110
50 101
970 58
620 102
309 102
739 60
872 67
160 11
402 18
682 79
288 120
524 72
478 101
480 121
576 51
580 125
251 103
138 29
999 73
285 62
86 15
721 17
558 28
781 12
86 2
551 103
111 51
162 83
536 101
933 39
794 70
334 46
549 92
292 88
696 30
367 82
699 72
404 118
788 94
743 104
166 13
831 17
662 42
72 32
912 72
881 69
551 41
60 49
742 18
997 61
102 125
742 66
679 110
881 78
172 105
967 115
549 12
789 62
251 61
558 78
604 113
950 111
980 32
78 81
836 8
703 58
310 97
804 85
790 7
690 15
76 96
27 32
266 71
436 109
88 78
73 6
573 97
289 40
869 4
640 10
717 62
124 52
34 6
536 88
334 103
183 124
689 49
71 35
255 15
291 16
198 29
659 13
71 75
438 121
477 2
249 36
401 106
682 22
362 96
162 7
413 115
893 18
501 17
575 80
332 117
760 56
588 107
387 125
85 2
497 71
652 15
316 8
587 59
823 9
869 47
209 50
859 7
690 112
87 99
912 20
91 96
210 84
28 115
818 123
437 110
807 36
887 51
61 11
952 16
417 70
542 66
427 3
362 69
980 57
458 95
279 13
744 27
950 56
684 98
993 105
905 54
100 5
747 74
99 100
709 98
365 12
978 77
684 31
54 40
315 91
660 92
164 86
478 80
785 15
207 110
522 83
81 80
520 84
646 12
717 77
22 50
157 64
6 57
945 9
997 5
311 106
253 115
201 107
992 93
536 40
188 120
397 24
247 1
637 108
122 122
177 90
793 43
353 112
219 70
822 94
478 72
527 111
606 59
308 93
736 71
981 1
535 21
857 103
570 47
620 50
227 6
22 27
427 61
629 104
935 77
173 103
727 80
615 17
387 38
848 4
759 43
643 12
98 56
239 123
27 12
936 26
854 53
237 36
487 71
989 63
946 97
142 75
18 125
988 61
458 13
96 121
461 35
622 60
673 96
766 88
572 88
598 44
793 109
305 71
375 46
452 105
300 71
408 57
390 56
168 10
611 79
94 124
784 115
622 67
958 41
369 45
956 98
777 52
633 125
675 121
505 86
