500
500
839 86
41 55
409 39
275 77
741 115
725 104
343 45
157 60
435 119
390 97
313 6
619 23
795 112
149 27
175 107
728 55
154 32
691 16
35 74
440 104
194 19
381 104
993 87
601 86
46 114
311 36
351 44
543 44
185 50
296 125
906 120
891 64
777 40
154 77
453 68
646 80
898 68
701 14
477 9
445 43
487 69
696 87
768 9
850 89
263 22
687 10
896 9
954 120
494 15
695 21
678 124
281 41
831 46
958 95
646 29
892 88
459 28
704 90
253 73
959 25
656 79
655 101
740 100
833 102
774 13
868 72
980 69
40 58
799 59
141 100
470 44
846 92
91 49
624 110
209 89
647 12
250 36
890 51
128 23
635 86
441 104
10 60
566 61
98 109
868 39
706 25
182 16
293 79
761 98
155 5
647 73
900 112
569 104
856 71
458 93
396 92
665 22
187 3
437 13
487 2
729 56
67 31
66 74
537 81
269 19
862 39
155 118
794 61
749 123
702 39
452 100
250 35
23 78
194 4
455 111
139 75
131 14
527 108
762 117
819 59
222 93
908 69
677 65
280 38
886 87
72 117
584 3
340 77
523 46
537 102
471 66
898 64
118 3
994 102
413 67
197 47
705 110
650 39
644 53
599 79
935 28
9 62
721 92
94 72
812 5
976 70
527 20
842 106
762 39
482 47
7 47
388 38
152 27
966 27
429 60
715 125
879 43
41 116
482 8
169 120
977 54
2 76
852 71
416 7
358 23
29 52
128 117
724 124
716 57
887 40
582 115
489 90
515 102
932 107
603 59
129 35
187 69
201 98
9 99
337 119
304 11
701 4
28 89
862 9
97 11
889 48
264 71
525 106
200 95
950 103
238 87
77 98
129 80
390 51
68 55
134 96
167 46
38 28
129 2
605 123
618 9
761 31
903 14
376 113
857 57
724 44
222 49
71 86
931 19
530 117
978 83
81 30
202 59
1 116
684 95
232 20
644 34
368 99
66 7
551 61
307 93
514 33
210 22
945 120
967 106
5 14
470 7
195 53
554 51
672 68
385 102
352 81
831 107
371 115
675 77
31 82
683 123
864 52
337 69
255 10
682 104
889 77
191 87
208 90
991 85
600 105
182 42
694 109
420 40
689 46
672 39
86 117
305 111
225 18
616 83
587 18
783 65
706 100
430 18
896 58
240 103
200 118
343 49
597 94
266 21
550 90
50 61
985 90
306 14
206 3
122 77
728 36
489 84
243 34
518 33
35 48
910 108
406 10
207 109
509 21
444 118
306 19
580 31
83 106
795 107
155 2
907 65
699 60
934 120
122 60
944 97
399 3
768 9
809 20
831 82
536 87
212 33
610 96
561 120
807 58
933 5
320 28
141 95
938 23
374 91
936 18
768 22
680 102
23 100
718 9
918 122
216 89
631 61
602 107
545 62
630 49
819 53
503 103
25 40
374 57
720 44
127 74
474 111
613 22
508 14
797 49
140 106
377 101
676 36
609 30
185 87
646 8
224 47
751 62
930 75
708 95
131 103
350 11
988 76
778 8
657 41
829 63
701 114
859 15
517 35
40 18
17 3
336 67
116 102
404 84
948 24
432 101
699 113
694 30
537 43
306 108
177 100
897 73
346 63
208 91
469 72
123 36
112 21
37 110
54 49
634 34
402 122
274 50
131 31
459 25
475 12
102 71
949 35
676 98
632 71
89 37
758 48
447 40
440 115
647 34
4 7
123 38
683 26
624 65
101 79
589 46
229 62
490 45
546 9
303 66
960 12
760 29
620 42
783 63
411 3
711 16
926 49
205 60
132 54
930 7
307 119
665 10
806 39
580 31
983 76
811 85
502 62
488 52
353 110
944 2
310 49
842 6
272 64
222 18
77 20
859 24
846 124
179 118
491 68
722 84
787 59
645 21
416 36
467 125
67 80
588 63
111 80
143 74
375 25
340 76
499 69
664 101
935 59
372 83
225 95
654 30
108 55
85 53
763 72
41 68
465 98
909 53
244 54
252 98
498 100
278 108
776 1
242 88
19 98
270 43
373 45
391 21
274 14
742 19
766 114
256 86
17 57
248 91
283 48
303 72
797 96
754 122
456 39
492 6
829 82
739 11
538 54
967 56
522 26
898 58
161 5
789 25
839 38
561 113
872 35
519 56
951 38
494 92
494 73
333 88
837 90
432 102
655 28
392 74
65 5
49 80
49 5
960 118
309 42
42 3
906 91
356 70
892 108
351 35
383 30
380 31
634 37
587 18
623 78
84 97
