500
500
599 17
137 19
778 93
984 40
96 29
812 18
548 52
148 21
76 65
869 48
912 100
670 40
566 14
777 88
630 20
791 81
95 103
459 47
969 78
964 19
155 4
765 80
402 32
965 50
684 56
511 108
478 64
664 34
379 70
776 98
46 55
457 55
852 104
280 122
289 30
247 51
518 55
786 29
641 19
460 60
391 105
639 79
269 105
181 49
938 53
306 21
591 120
494 66
198 65
141 93
251 122
516 4
72 122
9 24
854 69
114 114
101 120
832 94
396 107
659 119
130 36
596 100
573 100
449 98
29 44
486 99
983 117
592 85
340 72
332 118
831 32
209 49
255 123
588 80
316 101
190 79
122 103
178 81
358 52
396 77
841 77
315 87
315 33
89 106
66 78
624 27
880 13
79 99
591 88
378 38
103 109
944 91
515 114
609 48
945 94
242 43
880 60
657 36
971 7
382 78
546 26
821 20
43 114
39 41
335 67
210 84
589 110
83 20
78 80
243 80
218 6
557 114
884 109
960 120
286 81
662 74
58 35
536 28
960 72
3 67
238 97
249 91
549 2
125 89
156 86
659 46
38 23
32 60
222 118
169 99
550 53
653 94
604 119
94 85
762 60
930 81
565 20
846 116
296 17
780 44
110 55
121 109
854 21
80 32
719 118
86 79
687 77
108 7
707 30
487 40
656 97
691 78
55 60
364 63
219 63
340 58
137 94
853 46
342 97
83 88
818 50
605 80
112 33
698 25
731 34
123 45
819 108
553 81
131 56
283 18
921 83
106 9
454 7
174 75
578 9
89 14
134 5
549 57
579 84
852 3
162 69
860 106
362 86
122 90
740 4
124 65
738 118
495 16
931 107
92 56
800 87
474 107
651 42
87 123
160 122
320 18
969 118
755 97
642 25
195 58
971 98
616 36
284 109
547 125
307 94
614 78
326 113
362 93
690 18
504 70
2 108
272 125
643 102
571 22
145 80
152 92
191 105
572 124
559 81
156 23
115 118
974 31
76 43
608 122
74 86
513 62
782 58
53 124
521 15
382 46
863 116
840 76
692 30
945 20
190 122
190 72
228 117
91 102
401 73
120 49
996 123
22 42
499 14
463 36
426 80
89 66
745 21
503 91
495 78
949 29
824 18
494 93
825 78
664 55
252 40
586 67
664 49
59 53
572 114
904 23
136 68
228 98
125 72
779 98
154 41
457 84
697 124
322 64
412 106
243 43
252 45
516 87
273 18
986 84
286 109
49 8
243 101
680 32
776 110
708 122
753 117
902 21
116 34
17 29
229 102
402 105
552 14
506 94
263 13
291 76
84 124
310 29
308 30
641 67
199 15
782 14
695 30
4 4
811 57
476 62
643 46
896 56
722 120
869 76
591 37
17 12
208 28
737 113
312 82
102 64
970 73
702 62
978 37
48 36
362 77
637 84
156 61
656 27
239 94
176 27
767 109
378 113
826 73
244 6
240 59
300 117
65 9
938 36
414 42
324 75
496 28
795 45
725 51
842 35
233 85
86 62
960 75
401 22
604 71
697 122
302 7
328 52
877 26
584 40
516 116
41 92
411 57
69 121
472 60
485 93
301 77
32 71
603 75
115 94
241 27
834 56
873 30
988 25
111 10
656 86
354 70
410 16
531 112
903 2
69 65
794 45
873 25
64 82
278 43
805 39
175 115
770 1
538 107
49 100
668 2
228 125
251 44
52 19
234 90
214 97
646 106
578 6
997 9
406 4
274 116
384 105
669 39
727 41
358 81
50 15
353 124
512 67
280 57
187 25
248 95
562 115
17 1
18 18
647 13
773 82
736 22
216 23
591 93
248 110
795 100
555 84
670 86
79 16
501 34
500 34
36 102
205 42
220 87
819 13
426 51
352 9
577 119
248 118
395 21
557 108
332 23
349 27
373 99
112 107
664 84
454 101
1000 29
792 36
726 25
104 6
25 29
405 13
772 21
974 103
224 44
327 10
585 100
142 2
338 85
941 22
27 77
225 5
931 68
656 38
235 25
213 47
281 94
965 107
704 71
991 104
141 30
353 63
847 12
215 97
446 119
462 8
777 111
823 122
274 86
130 83
860 18
586 28
413 116
310 124
499 34
462 75
678 62
146 22
566 95
572 41
222 22
708 31
912 105
350 25
858 117
414 52
459 44
717 46
694 119
349 76
689 113
396 83
250 99
910 94
710 8
232 67
104 21
698 91
673 11
510 111
638 91
643 111
943 65
860 44
710 69
277 29
977 114
653 89
979 63
942 58
