500
500
27 113
916 93
188 44
582 105
32 63
887 55
867 31
350 60
168 96
828 105
494 64
434 79
145 48
821 66
976 80
902 19
579 93
133 80
78 118
963 107
988 54
656 1
1000 74
909 20
990 16
528 37
199 8
582 75
881 81
864 72
991 59
489 107
693 78
548 97
561 102
811 114
837 72
228 121
956 94
597 54
684 5
539 62
523 80
801 104
725 57
530 37
50 58
893 88
578 97
117 34
399 58
681 83
933 6
253 59
197 55
25 25
712 92
589 85
907 86
629 54
571 114
842 7
951 52
429 61
39 40
427 48
378 36
134 100
515 10
323 68
673 111
501 36
425 99
937 91
875 35
956 71
674 27
232 108
564 46
57 11
281 92
913 88
136 83
926 17
81 25
298 1
888 97
825 61
271 2
973 6
200 79
203 55
392 76
638 72
116 92
978 121
5 89
528 68
364 83
132 102
66 14
386 63
444 38
848 34
955 99
768 79
520 114
297 13
772 13
945 51
582 121
984 94
893 76
120 45
116 54
750 75
383 97
563 45
103 123
964 19
594 37
833 43
298 7
806 116
877 105
206 98
344 119
883 19
325 78
855 28
716 104
152 107
525 85
273 33
640 47
26 26
834 77
22 41
236 124
64 39
3 45
131 108
58 123
970 109
128 106
924 112
808 39
527 90
877 50
851 25
270 17
678 24
522 88
65 110
571 70
614 101
68 95
993 14
297 45
391 22
672 107
337 34
776 90
314 110
464 80
285 85
828 55
791 114
916 7
595 57
952 73
799 116
645 123
128 86
456 73
293 120
760 42
602 108
710 70
29 4
973 23
880 80
804 122
699 124
385 104
541 35
652 30
241 105
219 62
542 95
387 117
540 21
30 16
727 70
2 39
639 58
283 1
294 35
772 104
521 5
955 52
531 19
47 99
623 46
924 85
625 112
134 62
937 20
71 3
861 16
930 83
1000 19
923 80
137 52
945 40
350 66
555 76
954 115
143 20
698 96
616 44
445 120
210 71
32 37
615 65
517 4
423 42
423 85
568 63
697 85
94 88
420 102
695 34
895 10
780 59
441 103
331 24
225 76
12 44
390 107
335 16
853 69
941 78
737 43
714 26
279 114
585 121
453 57
968 112
738 102
754 3
833 25
116 14
661 12
999 3
429 82
627 23
367 119
689 102
621 8
678 96
803 63
762 80
610 120
386 83
415 47
514 123
614 16
638 80
390 73
210 91
269 5
347 36
417 75
803 65
738 63
633 48
776 27
383 89
827 67
826 10
852 66
576 63
269 48
381 112
799 123
141 60
333 22
121 87
86 53
45 66
571 18
799 92
788 22
655 59
297 45
789 98
90 86
177 106
275 60
924 19
964 97
487 34
816 71
474 38
564 39
334 62
31 111
229 16
441 121
728 4
882 112
459 55
88 37
180 118
397 66
41 57
50 1
249 58
872 2
749 70
466 19
649 52
747 6
153 56
168 92
31 33
73 113
147 16
563 11
28 29
673 104
573 15
26 90
461 33
323 122
12 4
241 104
317 22
840 11
682 43
277 36
888 33
453 80
722 88
843 30
532 62
892 95
153 104
694 44
201 16
307 22
789 118
15 109
2 111
78 101
719 32
624 8
542 125
531 120
539 47
28 96
847 37
352 95
610 36
898 9
983 24
471 61
930 84
613 69
628 14
230 118
313 25
265 125
542 100
943 46
830 123
884 45
640 61
841 86
469 24
857 17
661 90
100 120
527 83
893 109
491 60
197 12
189 52
289 114
584 54
144 74
576 78
885 90
183 46
438 120
710 58
7 66
442 31
782 7
962 19
984 5
826 32
594 29
452 28
933 110
993 56
515 118
430 61
124 118
757 103
801 6
465 76
862 44
690 69
230 35
658 121
561 22
120 70
124 42
748 92
687 119
404 106
37 66
115 49
481 27
719 42
464 112
605 67
76 103
650 94
764 81
111 22
157 62
823 116
376 81
875 120
470 95
1000 83
240 88
883 4
152 90
83 110
116 68
140 78
712 108
408 98
703 42
570 39
914 113
958 15
48 64
774 89
40 43
245 41
35 8
741 105
968 24
910 32
551 27
301 28
452 77
314 107
348 71
107 80
583 56
164 21
666 117
737 58
572 18
35 37
769 39
871 22
596 78
868 86
131 101
556 50
257 72
632 102
915 125
873 114
203 69
556 71
609 90
20 27
510 18
400 97
757 99
861 82
582 53
811 76
645 44
993 4
214 6
601 123
893 23
986 59
937 8
348 27
807 31
