500
500
567 91
185 59
909 32
480 114
834 125
391 81
266 84
301 122
161 121
553 31
415 38
324 97
983 32
992 106
912 35
99 84
751 15
671 46
939 123
506 22
548 75
946 87
879 120
995 69
668 83
696 20
241 111
839 108
300 125
911 111
456 43
226 125
496 28
118 22
136 123
537 6
819 11
172 33
511 53
29 8
731 87
41 60
994 79
810 105
554 118
460 43
35 41
197 124
301 61
699 90
770 12
586 75
976 26
747 74
140 4
187 80
115 59
308 53
644 58
186 48
280 37
822 56
607 36
219 32
649 113
869 110
797 53
673 43
875 89
882 100
776 10
241 43
978 38
297 57
588 107
121 81
923 106
623 81
303 89
92 57
570 33
714 58
490 23
295 1
637 112
272 120
757 104
773 19
161 47
686 30
988 92
598 34
769 110
899 80
756 56
343 69
479 28
17 61
530 2
966 59
396 43
138 100
130 10
206 13
206 36
508 67
602 22
247 50
205 22
141 80
917 78
452 67
914 89
609 77
383 83
257 25
589 105
10 52
659 114
843 80
219 111
675 118
355 15
652 101
885 66
670 67
382 6
298 62
115 33
674 36
302 121
415 92
192 23
650 4
276 11
84 14
356 104
950 80
383 29
877 63
52 18
237 91
885 77
14 24
484 49
400 90
267 4
872 98
308 6
443 81
878 120
288 97
40 93
585 72
365 105
6 77
220 66
56 76
746 65
482 52
62 56
258 38
174 65
457 23
487 120
56 52
431 45
174 14
819 24
381 55
594 2
761 4
882 16
916 77
548 83
758 109
798 123
365 6
49 96
190 84
180 74
677 54
127 39
709 7
882 88
976 20
59 11
867 29
63 102
705 113
849 75
483 44
871 108
317 56
503 84
818 38
459 11
714 43
648 101
301 111
483 36
444 32
208 13
8 24
327 32
561 58
86 53
155 50
343 98
384 85
444 112
312 2
11 26
329 55
363 20
538 93
79 102
818 47
648 71
675 22
30 18
184 91
670 90
940 31
904 15
350 102
190 112
706 43
368 85
344 16
634 17
52 103
830 26
473 121
992 37
887 99
905 48
686 122
724 6
688 113
83 115
744 35
24 9
612 3
321 66
770 2
704 77
153 7
979 99
234 20
378 108
990 123
778 32
645 71
1000 19
38 124
559 40
656 67
537 39
671 14
273 54
510 44
357 32
793 10
988 66
145 119
957 84
975 92
653 60
584 10
409 54
650 22
524 101
437 58
235 53
953 67
772 74
508 13
844 84
5 60
174 118
632 57
180 8
921 119
884 28
710 118
439 61
477 2
571 68
635 7
217 123
166 41
426 32
268 8
665 115
649 69
754 13
541 106
676 95
525 21
470 103
289 7
851 124
571 124
42 70
925 93
610 112
160 58
204 121
851 69
823 55
149 29
382 34
258 81
822 72
610 21
593 38
356 42
193 51
443 66
842 87
765 46
939 116
518 8
231 29
565 114
653 61
859 26
133 67
539 16
681 14
125 37
231 30
841 68
62 55
744 8
733 77
626 106
289 12
225 68
226 105
702 118
956 43
722 44
262 47
986 109
849 89
167 24
162 98
881 37
24 92
335 82
773 124
417 95
908 118
538 59
298 55
894 11
636 54
191 65
524 38
215 119
432 80
967 24
898 6
326 114
839 1
882 77
134 101
543 9
797 108
497 31
504 82
140 62
850 1
59 23
136 5
61 59
579 61
110 118
9 34
586 53
726 56
251 42
557 52
763 25
589 6
807 87
505 51
590 94
846 110
392 30
171 124
564 53
369 38
471 88
44 43
667 111
952 50
385 82
372 122
239 61
977 99
392 8
583 93
532 92
986 96
942 15
102 91
346 67
977 117
806 62
159 107
682 13
398 96
168 86
246 37
193 115
486 102
853 24
45 44
448 15
892 58
197 42
203 9
696 94
111 118
582 7
554 67
164 109
657 26
751 99
25 16
168 103
448 36
859 48
865 117
485 63
20 45
482 33
866 74
332 25
983 7
75 39
351 14
264 91
646 14
992 5
34 32
344 95
548 124
253 84
661 91
581 91
341 20
144 5
497 55
554 52
147 67
331 85
406 10
377 88
562 94
367 16
865 100
129 34
110 124
438 85
146 15
497 122
50 29
839 115
459 58
384 110
349 110
553 72
727 119
731 50
436 119
389 108
530 123
622 28
286 22
555 7
526 77
867 85
551 92
491 91
414 37
514 61
258 60
728 98
922 86
385 85
204 119
565 24
351 16
578 29
724 14
432 70
