500
500
247 79
105 68
158 55
438 98
905 49
752 52
732 106
550 105
687 97
219 76
134 36
380 27
720 23
32 125
107 118
727 86
739 125
606 1
397 19
186 70
261 40
665 65
19 121
558 14
841 41
720 49
378 80
12 54
382 83
501 49
94 63
492 59
976 124
970 91
249 44
662 21
762 101
759 6
262 107
319 21
707 53
511 14
771 18
377 79
369 69
441 119
648 65
280 55
837 50
973 72
979 104
648 70
739 58
143 17
808 112
426 103
928 35
706 27
320 75
84 102
530 50
451 114
926 62
170 58
711 62
645 11
839 122
167 103
783 115
3 23
504 61
870 55
386 47
548 78
104 41
588 85
715 76
120 75
54 9
307 1
636 43
94 56
330 40
619 84
153 100
502 68
142 84
400 59
731 42
382 26
882 38
869 106
797 4
891 76
361 119
279 121
591 94
841 120
190 7
365 107
193 78
52 31
99 62
850 36
622 18
912 101
260 43
631 8
842 65
841 119
47 90
431 10
336 94
791 34
260 123
108 75
684 67
689 3
734 21
135 80
682 73
164 100
38 19
192 115
16 81
493 54
662 91
200 83
447 35
277 72
56 17
985 66
764 32
529 118
739 17
254 70
347 48
315 115
137 89
793 77
541 19
921 121
46 87
423 52
725 34
384 31
529 36
386 108
250 14
538 34
195 100
963 21
416 109
610 118
177 34
672 102
831 32
163 87
206 9
637 51
805 17
790 123
123 58
382 113
557 93
236 26
502 21
370 14
434 16
150 117
34 35
870 51
615 74
637 22
552 116
730 107
298 73
768 121
892 1
881 105
10 120
18 117
425 67
358 79
784 43
708 109
939 118
550 93
149 46
735 73
855 17
98 115
16 66
682 121
677 107
617 46
556 76
739 33
695 112
549 7
67 10
435 90
383 56
199 87
229 41
535 42
496 79
689 60
480 112
399 108
490 50
363 71
499 33
759 67
248 101
259 84
809 6
871 37
187 96
698 47
237 46
357 35
89 100
171 4
73 15
859 98
407 82
602 72
608 28
402 105
165 48
88 121
881 34
398 93
955 31
432 81
449 43
113 112
874 73
522 34
741 69
625 32
243 45
839 9
308 25
988 124
799 35
162 13
520 58
331 94
782 87
795 58
859 111
365 87
82 102
638 32
491 41
768 9
518 7
778 6
968 53
201 89
917 113
175 94
257 111
83 98
218 47
208 41
322 59
718 119
668 118
905 103
545 35
339 65
727 1
918 20
912 106
259 21
639 70
687 100
163 39
12 61
731 28
988 30
586 109
714 111
591 116
677 111
762 50
587 4
618 47
54 7
80 49
25 31
955 114
508 59
699 3
155 30
225 113
619 109
338 81
507 76
671 55
637 8
491 43
478 98
401 3
612 82
645 111
462 123
344 50
872 51
779 74
955 77
555 102
133 12
876 47
117 117
86 114
507 6
394 6
7 54
151 102
773 113
704 60
76 60
17 42
573 56
7 84
337 20
715 5
844 95
98 117
15 26
761 63
864 87
944 97
802 50
911 78
675 13
220 17
760 10
710 53
573 101
903 48
596 69
603 109
867 99
773 124
957 74
40 92
90 17
253 58
233 120
965 43
131 54
662 27
193 5
101 19
785 69
59 26
333 86
172 21
620 69
861 95
429 75
327 62
426 1
32 18
308 60
120 19
302 52
963 49
165 106
149 27
708 25
498 82
955 50
890 98
127 46
899 15
951 6
935 86
163 100
4 14
172 60
580 121
851 23
507 118
369 98
288 32
623 22
630 120
398 76
28 37
125 97
749 1
733 2
753 117
924 4
740 104
616 42
906 8
944 3
554 2
481 3
149 2
128 54
508 90
81 43
50 106
269 36
65 22
364 5
649 59
411 28
502 48
617 40
738 88
111 8
325 15
745 105
740 111
123 121
855 46
802 3
773 54
752 50
492 81
61 114
287 46
790 98
375 77
287 44
790 41
921 22
422 78
343 2
888 99
389 41
252 100
668 114
837 33
620 37
563 46
133 117
618 55
775 41
656 66
300 72
246 119
964 35
137 58
170 94
586 122
535 98
349 4
618 110
646 77
673 113
254 96
265 16
740 79
98 10
800 50
167 49
221 53
443 117
306 31
471 81
61 98
1 46
579 44
122 113
316 46
668 29
417 110
45 80
579 86
473 3
330 12
752 70
980 89
979 105
829 125
855 57
331 121
324 19
254 42
818 46
788 12
920 104
483 82
121 10
958 11
876 29
833 19
281 64
944 102
494 24
