500
500
915 59
152 2
707 42
673 65
599 99
533 68
676 36
275 6
636 80
732 122
285 61
173 9
217 115
789 40
821 114
726 4
611 93
795 38
897 1
208 73
357 24
286 70
696 72
518 21
292 22
532 98
862 73
921 55
852 95
620 92
402 106
756 21
527 48
72 17
161 90
664 124
81 81
727 93
436 27
233 3
199 67
6 63
891 103
805 62
879 75
162 123
376 21
58 108
280 13
889 71
460 28
142 74
378 102
843 92
398 63
438 43
13 109
900 27
198 119
137 125
180 79
943 64
8 21
928 56
599 50
341 121
835 29
339 25
184 86
21 101
743 79
175 3
808 62
981 87
33 87
80 72
272 103
194 38
970 97
686 113
295 46
81 108
346 4
529 12
125 11
227 82
644 29
715 109
35 111
189 39
662 56
782 10
568 61
383 125
989 39
936 107
852 28
930 113
919 70
919 90
935 53
616 114
521 91
753 13
383 116
849 125
93 65
50 53
549 6
984 107
382 97
169 121
866 13
128 75
729 112
411 8
652 88
58 57
996 20
740 42
446 107
514 5
849 64
537 57
427 123
465 40
596 125
73 60
514 88
648 100
832 14
916 6
140 67
724 47
129 58
632 83
358 58
796 112
861 124
549 24
830 19
795 30
526 29
439 123
182 88
453 123
102 61
255 77
912 125
812 94
190 73
275 23
696 18
422 43
998 117
349 106
812 12
217 31
322 19
638 24
602 67
773 37
899 9
523 42
876 102
623 37
768 81
217 20
330 111
98 13
446 123
280 30
556 85
240 113
571 125
830 7
435 119
948 121
875 4
514 35
40 97
608 4
279 75
598 44
193 106
140 78
536 56
282 125
283 45
610 104
522 33
819 25
648 8
627 17
203 42
642 53
626 55
716 60
584 77
86 106
694 4
601 35
400 80
56 61
40 21
928 24
493 56
815 49
74 50
174 22
952 83
766 36
187 44
223 83
100 103
400 17
492 101
388 44
799 13
817 15
111 30
682 20
220 116
560 104
215 61
650 8
358 123
123 81
543 112
574 123
859 91
746 101
391 108
704 14
164 7
981 23
987 9
32 101
69 74
351 29
472 9
128 55
298 75
736 33
29 49
330 57
256 1
433 108
769 121
159 90
717 84
142 106
195 87
34 69
589 77
10 6
346 30
792 118
369 125
204 80
358 54
454 88
934 96
437 87
203 69
619 35
598 120
796 118
804 96
12 40
568 119
631 76
505 80
650 104
216 103
100 42
573 89
535 75
39 20
597 125
745 33
498 101
641 23
331 5
884 83
996 83
939 10
767 8
947 50
662 123
615 20
708 27
419 112
191 53
441 26
493 76
320 57
991 1
294 114
770 18
534 52
720 80
441 53
84 123
93 62
907 81
303 114
709 33
578 106
578 41
472 33
177 5
461 47
424 65
112 37
218 86
104 94
900 48
972 32
282 102
155 89
507 48
409 52
965 27
791 72
156 51
97 86
674 104
570 85
558 77
38 53
963 24
633 95
137 76
37 105
306 50
275 1
524 16
708 85
525 64
909 112
269 69
586 72
173 7
935 58
604 119
636 105
10 34
860 54
207 15
826 120
345 53
861 67
399 17
497 56
452 43
197 31
823 58
645 77
540 116
700 18
796 111
135 93
667 36
900 46
944 50
788 112
437 47
882 41
827 106
146 110
443 89
168 43
320 100
120 29
585 25
799 38
50 31
487 13
512 32
813 98
98 40
180 1
62 112
310 90
425 6
733 71
641 52
633 101
517 1
461 17
663 87
391 27
426 120
726 115
3 11
571 86
652 48
690 65
217 2
41 123
876 35
363 114
461 61
755 28
415 97
578 6
933 59
231 105
758 81
775 69
411 62
173 59
711 72
111 7
101 29
482 71
515 91
173 105
759 61
607 125
745 6
510 119
273 91
156 121
928 51
209 7
221 106
107 41
442 125
937 83
952 43
209 43
324 36
388 117
954 85
166 51
217 5
800 44
168 34
566 21
104 102
958 47
760 69
782 24
154 39
52 68
133 108
490 14
169 78
60 56
119 119
821 83
585 46
228 17
273 26
987 119
275 112
784 48
126 29
214 42
802 64
176 27
310 121
247 122
391 41
191 27
803 104
918 14
426 58
811 56
237 41
325 46
200 97
965 61
465 17
402 58
358 117
59 60
250 83
71 60
959 26
956 99
15 95
648 20
304 23
7 3
506 58
999 86
929 86
512 49
89 121
992 65
181 58
619 98
373 57
391 116
548 56
361 42
624 40
