200
200
225 17
965 24
584 4
188 32
464 27
627 24
312 20
284 37
468 9
138 24
396 34
84 43
426 48
941 8
271 33
838 7
483 2
893 6
294 3
127 48
551 30
913 31
914 32
57 10
194 34
522 11
933 23
219 48
918 23
958 10
1000 34
878 29
452 46
270 22
883 14
218 39
772 23
398 34
96 8
585 38
863 43
81 43
574 4
888 12
520 26
971 47
965 29
640 8
612 34
188 10
187 4
992 32
102 18
889 35
740 7
82 23
787 47
208 24
199 2
479 11
440 28
133 34
254 38
400 22
374 41
97 14
208 49
230 39
554 13
419 34
84 7
407 8
288 21
699 32
776 30
944 29
176 22
351 47
996 28
46 4
177 15
80 8
854 34
589 33
284 4
930 40
764 22
510 8
276 45
291 15
666 25
965 29
382 42
970 41
100 40
290 25
639 25
700 4
131 45
636 3
878 37
535 26
903 31
876 50
751 23
688 31
968 2
896 14
349 38
328 20
728 33
442 27
760 15
416 45
652 7
621 5
324 50
328 22
741 49
507 29
360 8
167 2
124 48
913 42
106 35
126 7
669 15
6 34
18 18
704 48
675 11
798 37
133 47
90 29
474 48
775 12
725 34
852 27
148 42
920 32
669 30
641 5
281 48
910 26
751 21
94 15
111 6
702 12
584 32
557 1
129 12
704 48
752 11
874 7
507 19
576 9
36 22
6 41
766 18
855 14
585 7
12 31
343 36
522 23
634 6
554 15
218 29
271 18
811 21
731 21
56 18
685 33
204 28
342 7
652 7
772 12
51 9
69 46
20 45
565 10
7 31
837 50
520 33
909 24
683 48
178 45
433 45
94 41
212 14
514 43
272 35
957 23
609 4
785 48
610 36
188 30
112 17
23 17
656 36
192 42
