200
200
301 32
61 48
437 24
828 33
430 14
998 33
99 25
811 18
609 28
711 24
619 28
726 11
247 13
103 28
419 25
702 46
121 12
467 47
883 41
692 42
85 3
560 36
176 35
940 1
801 32
873 31
786 24
48 33
520 14
616 50
714 41
134 41
375 45
516 41
829 35
28 3
694 24
293 4
819 31
552 33
420 36
979 42
830 7
266 6
86 21
447 43
95 44
252 19
423 35
315 33
312 20
923 31
566 11
280 15
685 48
569 7
692 9
814 30
604 37
607 12
499 8
237 45
988 3
259 2
2 21
676 17
538 3
752 32
44 6
651 18
341 7
371 28
926 7
494 42
298 16
136 24
951 40
121 50
658 49
332 11
292 19
669 35
598 35
732 34
504 15
198 19
858 26
434 17
254 24
687 34
949 50
346 34
166 21
38 31
423 2
693 7
963 27
608 32
659 44
89 40
951 8
645 1
928 19
168 13
55 14
15 15
623 5
604 23
547 15
821 19
277 40
63 21
190 5
443 16
236 45
236 10
26 5
962 26
97 18
714 2
273 14
145 30
87 8
773 27
130 25
276 30
502 21
957 2
80 5
29 46
552 5
230 49
472 14
554 37
635 42
219 35
989 23
584 44
915 27
934 10
95 36
169 40
207 26
581 48
55 19
88 14
543 46
675 27
348 40
865 14
284 14
243 27
606 21
614 18
153 14
414 29
814 31
441 23
6 4
997 13
457 12
581 29
411 39
79 6
58 37
165 18
571 34
596 45
189 22
244 14
505 14
84 28
41 33
239 38
364 50
47 15
420 34
975 47
794 8
527 39
24 27
587 49
416 15
447 23
868 31
536 42
974 38
379 43
821 30
320 36
859 14
404 8
788 20
188 5
693 43
10 46
62 8
929 19
278 19
618 4
