200
200
159 29
994 22
171 13
70 7
720 48
959 36
4 14
148 8
65 35
446 44
668 27
542 21
241 33
486 22
36 22
374 27
20 5
258 12
259 12
171 12
618 30
110 4
421 25
678 36
351 16
760 41
899 43
694 44
231 32
281 9
414 26
910 21
454 20
723 48
998 14
198 48
734 24
156 4
884 12
938 38
957 29
99 22
189 27
52 27
388 27
317 48
41 14
568 48
447 12
323 3
238 7
123 23
802 25
220 35
870 48
782 22
621 6
611 48
100 47
895 5
338 46
537 43
199 3
354 43
296 24
242 6
928 32
947 25
990 41
658 42
666 49
787 45
457 1
840 38
19 8
44 23
286 17
16 34
20 35
493 40
516 35
534 44
417 11
595 12
589 36
100 46
698 3
596 7
831 44
540 45
554 29
157 41
615 6
869 20
591 15
805 33
475 20
322 2
326 7
129 39
613 10
598 10
989 35
638 8
123 43
913 50
11 22
716 19
226 49
390 8
171 50
1000 41
162 25
821 35
726 24
406 50
181 11
535 31
463 29
694 33
940 35
252 41
690 19
973 39
693 36
235 44
507 46
450 13
309 45
373 7
594 48
589 41
460 12
189 11
805 4
940 18
503 3
785 30
3 36
717 16
89 8
178 25
501 40
420 2
226 19
708 28
395 3
555 33
663 45
74 22
346 10
216 4
684 17
123 18
149 3
750 9
940 29
525 1
87 47
629 28
110 49
974 31
446 19
541 44
123 6
66 47
188 5
475 3
234 28
307 7
534 38
570 43
409 29
598 8
747 19
548 49
345 29
872 1
378 28
868 28
29 11
636 19
270 13
648 48
841 18
128 14
35 16
255 14
114 15
384 29
532 25
346 38
718 19
380 4
405 47
474 38
978 36
846 21
253 9
87 29
