200
200
316 8
408 25
197 34
432 23
794 39
807 26
842 7
688 16
715 27
749 3
873 48
593 7
579 35
508 33
474 24
595 8
690 12
310 40
481 39
125 18
400 22
657 1
275 48
869 9
912 14
870 23
210 15
724 5
619 38
232 25
701 2
203 44
991 33
310 36
676 10
645 50
763 26
285 32
142 33
591 12
504 29
96 5
501 12
856 19
534 31
217 34
32 32
508 36
114 25
81 35
95 27
732 9
964 47
712 34
105 23
884 40
263 18
646 49
346 8
170 46
309 22
883 22
17 17
101 45
127 42
424 5
115 47
51 21
933 35
85 45
616 21
92 36
971 3
414 30
592 34
819 35
32 17
816 23
817 11
438 11
648 19
955 7
672 48
833 5
521 6
460 12
530 12
288 12
98 19
883 25
852 32
614 15
347 23
513 26
433 22
127 27
870 43
44 29
275 23
499 45
283 28
117 25
787 9
131 37
372 45
706 11
135 14
252 1
470 40
124 38
619 43
258 31
590 32
325 11
52 9
601 8
604 11
403 14
852 25
230 37
740 35
780 13
751 30
200 40
161 42
559 47
480 16
852 4
364 21
412 8
603 36
287 26
416 27
557 9
374 48
570 43
820 43
111 30
100 33
894 22
116 19
218 34
983 21
953 24
518 22
361 7
20 16
387 38
418 34
966 47
546 47
292 24
687 25
850 35
241 33
68 4
439 37
471 26
200 5
679 8
896 3
246 45
3 6
355 41
37 47
539 34
877 29
67 48
38 13
222 47
406 30
345 44
894 47
251 36
699 3
246 9
186 5
174 43
423 31
20 29
156 42
244 44
662 50
23 46
926 24
502 9
533 31
305 50
1 10
661 18
712 33
217 13
108 30
344 22
32 17
431 27
925 19
875 18
744 43
40 35
