200
200
72 32
153 32
225 23
719 6
411 40
221 17
318 15
198 17
714 38
401 23
110 24
500 11
469 5
975 27
949 4
273 40
301 23
617 30
893 23
813 32
478 34
344 5
55 33
492 32
447 18
606 42
698 41
31 46
453 12
289 50
780 40
665 36
697 41
29 30
831 45
752 18
703 8
531 47
647 3
727 5
308 25
686 15
132 15
876 36
495 22
488 8
945 44
290 47
472 31
937 1
715 1
717 17
598 17
844 42
851 14
775 48
379 33
17 12
777 30
5 1
847 39
704 50
748 27
539 32
99 7
393 10
944 20
927 43
957 49
287 44
807 22
21 34
690 11
478 27
426 49
164 12
894 46
228 19
698 21
573 8
56 5
95 20
187 18
973 3
873 14
512 11
525 19
432 29
279 39
373 21
18 11
684 2
124 35
480 23
353 35
859 23
631 9
489 39
7 26
182 42
335 40
586 11
460 1
289 8
315 29
150 40
817 24
1 37
663 16
90 29
340 41
328 47
168 31
342 29
589 28
8 44
266 46
495 49
794 25
829 28
240 48
445 20
521 42
966 19
230 19
544 24
395 9
815 12
319 49
394 19
556 29
353 31
229 26
992 42
78 30
152 49
486 37
188 50
844 35
406 25
425 31
721 43
956 19
634 38
113 15
697 49
92 6
223 31
646 42
620 23
268 33
567 3
905 47
366 15
97 49
61 35
971 38
828 10
835 36
846 9
436 19
101 39
994 24
287 7
574 12
979 37
714 16
140 4
291 45
904 20
510 16
51 3
611 25
837 39
220 12
965 42
518 14
340 47
784 5
224 4
276 26
934 9
977 13
708 28
992 38
751 34
308 20
465 10
955 23
76 32
824 28
79 19
377 12
462 3
498 26
571 7
727 19
884 8
802 31
999 17
