200
200
264 31
362 33
680 46
913 36
351 19
446 39
354 2
517 47
342 6
42 24
164 47
248 11
651 24
548 41
879 42
158 49
981 8
91 16
969 27
641 18
24 10
702 22
33 47
594 48
828 1
919 29
553 44
234 46
322 44
900 14
259 49
399 25
908 7
36 14
883 4
698 41
649 27
933 20
877 48
659 6
569 5
877 23
162 15
835 1
919 33
613 18
294 18
417 9
238 15
255 7
381 14
85 9
398 22
653 17
298 39
66 39
600 34
221 16
53 28
961 10
838 19
315 38
896 24
346 46
934 26
625 48
501 10
977 10
750 13
960 47
409 11
912 4
189 17
668 13
106 18
678 12
7 24
341 50
26 18
25 10
581 50
740 16
560 22
259 34
958 11
460 32
684 44
787 34
467 13
801 1
784 23
869 40
958 17
183 26
449 10
167 35
691 19
316 24
155 25
950 9
488 15
554 48
727 27
808 16
809 4
65 2
158 36
166 28
533 34
414 26
627 11
889 21
671 14
715 45
223 44
617 34
194 41
419 14
679 10
391 19
866 16
783 17
248 14
87 39
658 23
31 18
208 47
375 17
537 31
605 43
266 24
590 2
484 24
397 15
686 29
177 9
228 25
405 24
316 32
172 16
272 46
124 28
236 48
925 15
234 28
341 47
459 40
717 4
20 19
234 16
462 33
219 38
96 48
507 17
654 30
300 6
242 22
910 26
536 45
158 14
95 26
784 6
143 34
433 24
931 5
318 21
190 44
427 36
876 13
174 12
364 5
923 5
450 23
650 3
10 23
688 7
346 19
150 32
656 29
765 37
570 48
108 24
59 8
122 39
473 9
976 50
812 32
201 15
248 28
522 35
960 17
847 50
120 12
700 30
389 26
212 13
119 27
978 21
263 8
945 10
