200
200
864 7
935 9
710 13
329 44
526 13
907 22
99 36
655 29
421 8
864 23
1000 50
30 11
439 50
481 12
51 24
904 33
75 1
131 5
202 20
161 1
942 39
801 9
943 8
309 12
597 18
7 34
938 41
90 41
534 30
229 41
74 48
927 46
345 44
255 4
982 48
700 46
107 3
31 1
32 47
270 15
766 14
290 13
346 21
261 31
524 34
658 14
648 32
675 13
743 42
552 15
524 49
524 8
617 24
333 48
570 50
993 21
507 38
93 28
299 7
369 17
567 42
675 26
759 11
938 38
226 8
635 45
855 14
218 33
493 9
495 10
58 49
141 36
717 39
928 21
288 2
162 50
853 3
664 49
170 7
188 25
906 30
955 36
844 11
782 11
272 14
209 40
476 34
174 49
431 10
339 12
334 36
80 5
810 1
511 18
539 10
148 6
77 5
8 16
251 45
673 50
80 36
637 24
11 45
499 1
377 19
484 50
462 20
209 2
965 21
969 27
997 11
290 28
907 33
754 40
647 34
660 13
815 48
985 47
531 4
939 38
587 49
826 49
878 28
117 38
335 22
666 33
213 22
460 37
455 49
905 7
313 9
892 10
620 44
798 36
291 36
321 38
845 30
461 20
53 42
988 11
116 48
145 7
933 19
751 7
253 15
366 21
885 35
277 44
983 48
392 25
404 3
203 12
254 26
178 37
683 4
801 24
825 7
700 32
674 43
767 22
561 46
765 13
985 15
697 5
256 38
430 20
84 44
192 2
341 25
825 19
741 36
352 30
769 3
303 43
160 28
917 20
628 12
828 17
741 33
441 32
759 34
834 31
53 42
483 2
684 13
679 15
75 19
623 32
434 25
575 35
28 44
977 43
689 29
240 1
266 11
341 39
577 38
839 39
57 41
810 47
