200
200
231 16
173 26
401 35
327 34
410 36
939 19
17 5
596 45
213 8
882 29
185 50
739 21
314 12
90 30
772 11
366 8
282 18
289 26
206 2
800 48
511 43
775 48
671 46
906 12
59 41
495 3
737 31
421 32
946 1
284 48
228 50
334 8
807 5
625 24
26 50
923 2
76 2
48 45
879 48
523 8
194 44
20 49
457 24
577 12
410 24
769 33
249 6
452 24
735 43
814 32
31 37
455 3
266 23
509 32
205 14
880 24
713 9
833 40
478 19
50 1
276 20
733 3
2 34
375 5
803 36
68 13
45 21
882 33
785 8
294 43
872 49
948 18
772 4
275 15
90 32
192 1
648 30
351 49
288 19
160 47
718 39
621 16
942 28
808 43
624 39
720 25
31 10
615 21
169 11
311 21
722 17
19 50
599 48
956 17
173 44
743 49
866 11
344 15
510 13
356 44
100 33
491 49
587 37
333 1
585 3
218 24
941 49
623 32
505 11
214 12
542 20
443 11
273 27
883 14
237 47
972 39
413 10
901 2
865 33
826 11
290 27
158 33
551 16
646 2
12 17
963 36
439 31
319 34
467 2
794 24
811 16
608 25
792 46
51 6
134 12
487 9
752 17
759 17
933 23
102 26
749 29
479 26
400 3
480 17
442 26
187 27
788 8
885 47
357 11
114 26
605 11
315 24
18 11
512 22
816 50
134 10
137 25
58 11
621 35
537 22
87 3
914 27
122 22
717 2
961 6
301 13
592 49
730 6
921 47
345 30
881 27
187 15
536 47
354 39
123 43
376 4
813 37
257 44
73 28
581 12
361 11
363 2
917 3
941 36
59 13
577 40
519 9
736 39
156 7
161 8
865 31
684 38
550 20
305 49
76 31
582 35
212 6
311 3
869 5
888 1
