200
200
959 49
365 50
883 7
637 4
488 9
680 19
216 8
552 11
332 44
916 7
281 17
621 11
110 10
605 32
408 48
772 36
944 1
801 44
713 21
739 2
611 18
782 34
755 12
704 21
538 43
862 33
728 11
746 40
2 45
138 10
10 50
724 34
595 37
616 25
289 1
299 36
897 25
117 17
369 28
953 15
844 2
663 38
440 47
92 15
591 24
673 28
107 7
366 1
674 47
6 21
676 20
584 29
864 16
788 17
165 5
433 43
398 1
824 5
21 26
564 24
134 20
878 5
514 13
922 28
778 8
630 19
10 48
70 48
237 17
855 26
568 15
800 41
244 42
360 31
451 10
204 45
757 5
232 33
408 37
922 9
992 22
908 19
514 2
120 36
206 38
116 23
880 40
340 4
848 1
352 26
631 46
654 43
708 44
151 13
4 18
48 29
417 41
655 25
908 35
204 23
47 29
187 9
317 26
359 40
847 3
194 23
539 26
665 32
722 21
569 12
526 43
748 13
348 14
759 22
892 19
866 16
134 40
208 4
803 35
921 47
841 17
225 34
771 1
52 38
392 17
683 48
132 39
491 44
17 41
343 28
123 18
926 37
47 46
602 45
257 22
694 7
704 10
479 37
262 14
364 37
915 44
367 46
311 24
220 4
118 49
185 26
868 43
763 48
426 6
27 4
775 47
520 9
195 30
439 20
178 26
122 12
114 1
414 18
646 29
237 41
317 46
493 1
676 24
143 33
977 6
995 12
57 8
896 3
480 9
67 26
584 21
512 38
970 22
537 41
117 26
15 13
46 44
761 33
617 20
652 34
651 15
632 40
814 32
841 32
900 24
770 29
206 21
236 42
346 46
559 32
66 28
663 7
609 11
310 41
584 37
867 26
695 31
329 18
837 9
258 28
