200
200
154 24
525 5
739 10
595 24
624 48
72 3
719 44
870 33
199 28
332 4
926 11
711 21
515 6
182 22
984 40
278 27
658 39
595 38
383 42
849 46
409 33
988 49
774 28
512 47
828 42
871 17
71 17
700 22
850 23
467 24
393 44
750 46
44 38
446 1
537 32
838 8
148 12
97 27
461 5
474 26
225 4
518 36
94 8
592 49
240 42
733 31
277 29
938 8
25 18
674 38
607 5
222 42
543 14
692 40
680 42
634 38
564 39
209 31
194 31
177 4
13 45
598 36
981 4
7 36
243 39
334 20
154 18
826 32
451 32
770 42
970 10
6 2
612 32
71 41
949 36
800 13
864 34
274 1
342 25
16 49
60 12
671 21
76 21
468 38
160 18
32 50
243 9
386 45
428 35
324 13
21 15
261 40
730 14
215 3
131 34
809 24
771 18
877 24
599 30
186 20
695 50
684 30
721 36
159 18
70 17
975 46
997 42
493 38
70 15
173 38
232 25
638 15
192 46
802 12
344 22
973 3
149 28
687 19
652 18
264 26
801 37
507 39
566 24
115 12
619 42
622 42
618 25
823 9
859 45
602 16
513 30
690 34
189 27
188 26
316 47
370 50
741 6
211 39
354 33
456 24
641 11
636 5
376 46
492 33
955 37
584 34
135 37
771 12
180 30
144 1
616 24
469 13
780 33
896 12
556 28
900 39
378 23
109 29
946 17
810 46
604 38
484 36
296 33
186 33
810 15
277 18
838 46
944 37
808 2
244 19
540 9
262 25
408 49
954 30
211 4
285 30
30 3
940 3
600 39
592 15
755 20
234 49
498 2
255 17
10 46
205 10
337 3
279 18
766 3
354 40
308 19
415 42
342 39
339 5
880 16
580 39
687 48
589 13
181 43
549 6
