900
100
831 166
873 189
992 74
374 52
772 77
906 141
782 137
94 225
699 70
832 55
869 6
471 191
8 3
888 30
731 63
980 212
304 79
977 72
677 200
923 200
129 80
190 85
918 84
584 117
480 65
221 148
748 116
265 30
696 2
484 151
417 115
339 172
18 190
718 171
17 141
198 95
172 87
54 90
22 89
706 202
756 203
201 103
321 116
257 91
969 17
441 60
258 32
456 202
446 24
672 39
166 171
310 37
608 138
778 81
704 210
834 34
113 60
961 160
852 94
152 170
12 144
205 119
75 62
895 223
537 68
686 179
139 221
743 98
710 220
78 13
355 114
871 219
650 8
955 1
751 56
320 37
49 1
382 149
888 76
996 199
194 181
478 209
28 195
781 15
91 85
854 47
825 177
615 24
259 19
974 112
26 194
475 100
169 182
198 83
132 220
832 2
577 36
712 5
232 117
46 124
54 149
471 53
975 210
352 59
6 152
595 181
322 144
457 141
277 129
250 184
198 158
437 125
93 49
731 76
992 26
350 72
26 145
627 101
256 28
586 63
6 155
996 178
600 177
170 52
106 194
637 30
852 125
781 146
925 213
324 217
638 75
665 14
844 66
16 1
620 151
416 151
132 186
953 31
862 74
959 44
892 22
974 220
372 106
391 198
969 16
564 158
90 79
973 135
519 163
735 64
588 25
116 219
912 195
802 174
893 37
92 84
59 117
231 32
875 98
429 143
38 20
800 202
925 73
763 68
112 124
933 150
999 50
418 12
819 46
35 61
683 4
847 141
895 102
874 169
49 2
963 138
998 40
916 222
239 103
717 225
526 74
49 201
49 119
138 194
389 224
930 73
2 1
515 174
204 38
369 179
42 134
41 164
798 83
313 111
985 104
385 12
29 86
90 179
604 27
648 194
102 177
119 79
704 133
704 157
373 74
510 89
107 27
804 154
209 66
939 68
144 201
406 225
461 170
953 91
73 100
759 100
528 152
278 106
862 83
137 109
756 198
999 138
899 102
118 107
270 209
651 215
84 132
289 19
551 167
959 99
193 219
798 196
298 202
951 84
111 113
392 41
437 215
80 136
543 123
442 137
606 18
577 116
149 167
584 51
458 69
674 201
314 173
371 86
601 21
769 86
760 187
577 97
901 183
884 94
205 75
607 12
769 10
202 67
752 87
320 59
382 93
211 96
168 83
658 68
606 177
479 167
290 107
265 141
414 148
986 196
473 169
484 141
479 213
510 130
174 204
790 108
173 153
955 215
285 37
460 217
390 38
959 5
344 23
222 34
723 84
79 220
502 38
787 32
600 48
561 150
828 3
384 28
407 113
692 216
302 126
285 16
440 193
722 185
817 43
244 39
853 222
85 205
236 99
686 110
223 224
312 51
653 170
403 34
385 146
101 86
949 110
728 140
627 225
875 171
392 93
334 47
439 121
951 2
994 88
861 191
938 24
618 190
571 197
648 130
170 126
992 43
485 194
857 139
168 56
259 62
200 119
508 116
714 185
17 59
149 54
627 12
753 144
28 150
616 78
981 60
128 147
254 212
42 162
427 135
545 35
473 19
981 182
734 46
493 25
105 66
979 181
79 208
326 157
757 93
134 12
429 211
60 132
224 151
496 201
662 165
687 134
135 42
817 196
65 109
970 19
302 125
251 130
734 3
838 65
221 121
578 74
583 112
683 182
738 205
457 149
569 45
885 205
162 26
275 53
362 222
746 15
248 148
394 107
627 32
823 72
554 126
848 137
389 57
943 153
411 76
877 6
245 13
385 33
165 160
335 103
608 207
892 155
131 36
188 158
869 86
956 97
763 28
910 153
684 204
981 119
954 209
776 1
321 161
660 85
172 222
363 129
130 79
985 211
891 198
370 111
535 25
885 147
480 94
799 15
998 206
961 178
339 136
853 184
896 90
496 44
211 110
197 115
815 109
952 8
706 173
168 17
350 152
240 129
198 115
695 145
521 155
497 59
743 102
870 15
566 165
409 103
926 57
819 115
490 196
797 72
795 67
138 219
368 129
324 65
119 144
111 114
25 185
497 69
661 68
109 78
82 194
57 159
825 50
99 17
997 222
565 42
915 55
935 160
783 36
551 201
981 87
539 182
973 88
476 158
105 109
562 214
452 68
897 153
492 22
294 189
946 84
632 185
913 91
494 147
528 170
948 183
58 38
865 180
225 217
14 107
627 52
220 3
544 68
57 62
815 203
227 212
913 133
971 77
776 117
223 3
213 120
163 22
8 204
3 109
70 191
265 121
942 84
125 187
304 156
575 68
883 152
229 72
11 51
323 213
719 146
441 158
715 55
904 24
333 206
658 2
273 122
97 14
758 123
402 11
753 154
530 13
482 10
134 17
660 59
630 106
354 47
13 70
376 217
494 185
174 1
461 22
424 134
12 206
481 114
241 135
94 172
924 225
231 110
66 68
218 72
973 146
820 37
990 97
253 135
606 104
985 16
225 136
326 211
941 58
1 159
743 19
7 166
668 113
75 86
480 217
484 179
214 154
140 6
850 70
390 81
523 102
873 72
487 176
982 179
708 35
664 27
428 96
468 123
908 69
533 162
538 18
542 128
671 156
658 23
425 48
680 172
774 129
693 212
454 127
390 139
713 104
315 40
724 184
939 8
380 23
721 192
191 162
19 38
942 2
85 92
76 214
665 76
668 160
812 23
736 53
986 48
606 101
939 181
434 128
15 138
52 10
81 17
996 77
455 90
480 166
8 5
655 97
107 99
381 193
146 143
470 57
267 3
784 208
460 94
435 25
734 138
209 214
80 32
617 36
198 21
776 180
2 182
228 208
455 186
25 3
780 22
436 172
274 94
604 33
787 90
207 72
227 143
686 208
676 177
543 173
750 46
77 101
452 56
859 109
616 85
211 223
433 221
794 8
216 149
143 154
138 201
226 66
468 61
374 118
564 118
15 140
938 18
416 165
451 151
1000 193
212 210
165 47
207 133
54 172
706 146
775 120
897 100
911 66
262 9
859 103
551 75
842 64
20 84
230 45
586 154
887 175
790 202
146 221
361 49
417 44
747 93
613 143
543 123
358 179
806 218
333 84
145 125
549 39
135 80
985 148
710 146
222 24
274 92
846 110
917 64
53 213
156 90
657 123
540 165
854 222
934 11
405 103
712 53
593 49
434 102
271 18
448 67
641 23
210 163
59 3
451 111
141 157
128 172
304 67
163 9
363 199
47 195
526 33
424 96
308 33
47 103
1000 46
421 143
919 32
830 27
460 81
440 77
239 44
100 117
585 13
403 224
63 24
770 113
558 94
58 16
403 7
443 2
302 166
746 120
197 103
549 6
208 163
959 21
906 209
339 142
673 193
492 85
541 39
322 151
807 7
316 136
188 58
314 116
325 160
413 22
987 36
529 46
300 213
343 57
546 133
398 18
126 216
952 143
854 125
468 212
708 8
572 22
893 86
88 167
297 200
90 108
812 94
180 86
106 97
667 51
906 166
220 208
656 221
401 12
147 20
873 130
355 172
101 197
682 115
815 155
391 32
612 202
875 68
664 32
16 30
334 46
97 28
304 5
75 206
966 21
275 65
427 79
986 180
227 94
419 119
348 210
650 111
363 101
453 127
207 168
708 40
741 5
444 69
909 193
451 76
90 152
415 17
58 203
396 211
771 91
29 94
975 80
781 88
257 209
716 138
53 23
354 18
579 122
836 87
314 13
64 181
715 181
272 222
583 219
407 3
184 138
823 211
169 179
848 51
189 165
888 191
337 19
34 41
390 121
754 56
859 168
811 73
648 34
696 107
804 102
934 162
889 84
849 58
712 98
835 77
962 122
492 224
667 25
214 107
746 44
112 54
488 224
528 160
59 73
716 162
676 202
200 67
462 124
326 200
96 110
776 33
233 92
356 25
792 121
956 37
591 119
492 29
44 146
213 27
593 56
315 45
634 164
536 195
562 61
971 110
372 46
67 55
12 224
504 28
46 36
691 161
581 84
714 149
904 152
77 48
559 16
468 169
904 30
990 68
568 185
827 139
705 93
543 193
18 98
871 88
208 163
698 113
447 212
411 77
690 89
