900
100
903 115
313 66
308 43
737 149
452 216
956 118
671 188
585 115
429 41
453 146
358 217
845 56
848 91
135 66
407 25
742 84
214 29
476 46
521 164
769 224
204 152
691 2
239 125
91 144
643 120
767 152
61 111
482 86
254 66
378 12
917 95
672 55
173 123
2 21
711 173
369 42
551 187
493 39
38 158
160 130
829 126
31 214
888 89
501 91
832 104
152 123
350 24
878 147
971 156
919 33
353 65
299 28
51 168
44 163
77 180
768 30
480 175
146 142
366 23
860 72
876 161
944 150
186 198
99 208
404 169
541 58
8 141
363 33
686 31
498 62
960 90
19 116
766 214
509 181
513 143
679 16
731 48
317 141
795 115
776 200
784 191
658 118
858 170
201 120
777 173
657 63
314 152
878 6
542 36
914 29
106 92
794 136
566 36
103 211
877 53
262 87
193 96
155 3
642 182
297 170
756 130
857 96
331 11
203 74
472 166
278 52
708 198
764 50
533 116
337 37
744 99
773 13
221 102
42 113
985 189
632 65
995 64
512 28
926 140
901 172
830 30
325 164
953 115
514 10
306 75
246 174
800 221
688 21
649 80
883 34
420 16
725 14
706 189
91 32
303 194
380 9
873 132
373 225
496 213
662 26
439 159
201 166
629 39
611 78
618 145
263 212
62 139
802 118
927 145
751 204
588 5
65 110
186 212
285 157
26 223
834 191
556 35
406 85
923 143
814 17
212 203
280 49
766 158
393 45
677 193
273 189
272 62
724 160
125 10
491 177
657 99
670 214
710 100
100 84
443 165
227 131
692 206
631 85
939 223
854 42
165 203
231 214
167 131
598 18
17 65
145 25
115 216
588 175
240 190
808 159
304 185
40 46
892 70
805 182
45 85
149 136
487 56
349 153
388 98
648 204
737 19
428 204
309 67
28 98
406 12
934 160
573 200
57 15
346 213
998 215
222 21
951 185
228 76
65 140
301 162
370 214
855 224
592 188
516 171
62 148
158 195
334 205
319 217
546 40
954 69
406 102
41 206
939 44
359 53
235 109
714 180
47 220
105 64
82 70
609 120
245 18
490 5
848 85
672 95
176 27
288 32
504 79
289 69
949 172
796 10
657 161
491 204
780 21
694 163
567 154
707 186
124 198
741 48
60 187
67 60
740 80
816 168
35 155
388 210
103 183
869 35
395 10
815 99
955 210
738 171
865 145
684 188
344 149
310 53
187 152
638 201
83 30
521 42
261 33
451 164
443 71
475 212
382 141
363 213
500 225
561 141
896 169
704 140
19 165
994 132
741 131
482 148
436 129
291 171
614 93
411 31
116 185
244 122
525 206
185 51
58 95
92 3
988 122
544 8
511 213
914 152
520 72
426 157
453 194
355 16
161 90
473 51
2 218
125 28
674 109
606 58
53 149
387 67
195 133
749 105
820 39
308 116
760 36
350 137
154 29
629 116
820 76
942 98
169 166
51 94
726 83
628 130
56 89
521 50
296 96
306 167
986 64
158 122
699 157
309 154
562 64
869 181
390 210
906 35
227 58
455 129
315 157
433 145
447 55
971 68
925 53
561 162
241 170
359 41
928 92
494 164
307 13
222 121
524 52
957 78
434 213
406 75
844 14
821 43
143 66
737 45
418 222
681 61
367 39
653 146
57 122
487 164
861 83
411 9
186 145
838 121
482 119
70 103
434 67
320 78
32 81
347 76
704 155
163 122
770 116
68 29
962 179
894 24
613 181
557 100
727 222
472 59
342 68
238 125
134 184
702 40
964 151
317 219
132 130
441 203
295 210
431 83
413 76
781 77
684 189
878 10
435 49
618 126
241 107
902 24
115 106
890 103
708 56
449 41
37 39
443 83
748 76
290 12
253 97
888 61
463 142
346 72
465 138
25 80
522 153
430 136
233 44
66 167
876 214
482 163
402 225
947 101
502 64
12 104
10 26
690 47
367 10
721 131
349 22
887 45
374 191
506 34
634 21
250 159
84 9
773 87
8 220
337 186
308 125
614 44
950 3
493 91
337 140
498 38
661 136
907 161
51 89
696 161
334 221
896 169
29 69
605 63
740 43
248 224
992 138
419 143
516 11
960 204
475 107
241 137
192 150
873 169
263 93
629 174
865 25
717 195
545 199
984 86
318 158
386 10
796 4
602 211
715 212
866 216
370 32
28 214
958 200
507 20
819 88
520 86
364 137
280 135
262 139
895 4
846 182
888 141
435 217
303 199
755 194
42 1
627 144
389 59
320 198
155 63
87 150
173 50
263 30
709 101
68 5
454 65
586 169
258 145
887 210
521 16
80 187
116 108
982 57
993 101
104 123
790 140
174 138
991 38
119 26
663 213
5 16
802 42
161 136
313 222
971 10
687 177
98 80
460 179
11 52
379 216
951 96
7 151
835 197
263 53
47 100
490 78
393 143
344 5
54 183
952 174
193 65
777 215
144 11
369 106
688 49
323 115
619 104
466 30
325 3
757 123
5 121
477 149
241 197
653 144
180 206
669 122
946 95
13 16
33 106
947 47
832 44
61 177
598 201
607 49
606 115
349 185
313 25
710 153
997 139
846 203
670 214
899 165
958 36
55 15
644 128
413 2
622 49
628 146
999 211
196 54
301 71
565 163
721 51
165 144
340 160
596 84
875 46
975 109
756 29
526 101
382 63
577 155
411 107
925 187
494 147
717 19
368 184
758 140
259 149
508 25
283 5
958 109
300 9
693 182
313 220
510 21
507 211
752 168
994 76
31 63
499 22
281 41
380 141
305 41
664 64
940 199
618 173
807 169
533 126
28 45
420 62
242 177
622 118
196 18
20 126
455 121
324 212
736 179
477 168
694 191
556 58
791 126
882 72
794 65
800 73
611 144
709 105
497 8
549 92
650 69
269 104
791 18
542 176
648 44
918 68
511 176
677 103
703 61
249 23
677 198
21 164
619 4
843 90
411 92
159 35
312 104
515 2
723 107
979 195
427 174
414 89
74 93
941 26
353 191
623 104
941 143
667 211
724 137
25 209
253 135
546 41
314 35
369 186
468 97
758 221
595 71
886 220
613 153
147 142
719 172
345 161
116 114
921 114
225 220
325 79
832 220
744 195
929 39
180 49
810 189
994 7
812 7
776 76
409 125
93 52
396 64
489 38
152 184
702 28
706 76
908 187
895 103
681 150
466 137
275 51
853 121
32 14
852 109
439 60
785 81
739 130
320 202
395 148
636 146
903 218
473 160
229 169
813 161
245 178
824 170
905 51
140 163
339 18
447 153
602 106
660 15
763 31
567 57
506 204
604 8
246 128
569 201
498 83
86 42
11 34
613 90
937 154
555 200
446 126
404 23
583 14
387 172
746 80
853 101
858 83
10 80
587 154
280 159
311 190
826 98
626 65
940 14
894 94
540 164
494 219
386 103
359 50
125 154
781 104
707 66
489 16
445 50
294 200
159 180
441 11
629 93
125 118
331 68
61 146
357 31
166 19
334 76
218 10
979 76
138 137
341 126
753 60
53 96
861 211
2 77
546 206
71 70
198 154
40 136
976 196
516 143
841 126
368 161
10 48
761 75
735 151
477 112
885 29
884 71
91 136
399 61
868 21
658 92
574 199
27 126
444 220
393 209
95 35
694 82
458 154
956 42
554 9
30 116
313 13
536 155
150 211
743 142
106 225
786 180
448 114
580 193
58 123
878 55
84 199
313 66
729 170
84 85
403 190
425 42
378 212
822 4
597 14
896 202
315 33
733 89
196 115
356 81
989 110
462 47
508 149
965 89
393 150
223 97
865 147
214 144
310 110
472 156
950 119
959 14
751 219
377 124
708 209
904 223
668 165
119 3
490 35
116 7
835 38
28 126
336 68
996 22
627 17
254 178
538 187
191 165
607 67
938 166
2 93
713 195
909 207
549 223
618 114
631 27
353 211
854 213
603 74
36 57
316 64
509 105
852 27
844 84
970 159
124 22
678 187
993 162
20 66
336 114
204 94
441 156
329 119
595 183
495 30
216 110
270 127
366 221
128 84
579 72
694 155
420 147
243 187
310 214
952 120
602 32
963 69
414 118
40 35
