900
100
514 59
390 186
743 43
671 56
900 178
707 26
221 84
791 184
440 5
357 184
585 134
945 79
638 188
79 165
796 107
481 212
140 120
922 184
389 194
689 141
846 47
841 216
630 8
501 120
263 58
405 49
943 100
602 105
764 7
472 112
588 79
573 105
174 96
665 14
789 129
554 36
100 146
52 132
729 79
503 218
113 207
541 206
608 219
987 74
526 8
635 165
114 109
896 164
756 211
552 94
266 158
881 167
203 34
150 6
188 202
625 127
911 90
707 143
11 19
241 188
503 2
352 216
785 50
254 192
512 106
787 27
615 68
845 167
951 145
100 40
646 49
142 183
241 48
426 101
893 143
138 196
597 16
363 133
440 167
625 151
774 211
79 188
78 24
204 206
918 180
870 115
379 186
823 194
211 225
869 178
617 183
850 165
198 213
298 38
181 172
940 79
684 19
341 37
294 221
142 36
551 88
125 6
374 49
251 161
898 94
390 17
828 192
431 75
804 28
14 159
1 179
937 10
324 104
798 117
524 166
179 101
653 180
706 128
954 131
313 51
426 55
717 205
646 23
630 199
227 218
784 128
948 22
912 73
52 9
239 50
351 219
353 28
424 135
381 177
718 45
227 195
99 121
100 119
443 4
544 19
723 102
248 98
750 161
645 126
571 186
728 221
4 205
924 179
841 6
155 33
700 184
53 201
29 4
894 48
232 65
843 106
468 143
328 168
953 200
370 74
560 122
444 165
528 144
694 94
374 23
278 26
933 7
576 163
185 146
487 68
610 155
74 203
772 203
647 201
77 91
599 163
465 170
903 192
113 48
712 64
147 65
264 155
671 141
744 133
11 181
975 98
560 200
402 8
153 150
758 181
415 84
569 54
455 48
223 167
122 184
757 43
275 197
699 146
562 168
505 225
673 79
897 59
879 50
618 58
49 152
963 40
787 183
694 141
57 166
808 30
201 191
150 26
288 148
773 101
642 102
125 91
107 23
601 112
22 93
719 97
297 9
237 133
268 57
324 127
549 183
206 224
398 55
224 85
555 21
238 223
624 112
214 181
87 64
67 85
384 63
882 55
171 93
762 140
751 10
466 24
919 24
47 167
730 98
353 211
618 90
184 119
304 72
324 215
562 192
849 170
879 82
976 99
199 13
191 201
174 158
599 93
31 21
761 138
268 163
748 62
55 106
830 108
679 80
747 191
247 222
537 75
29 13
526 79
602 66
880 202
723 53
571 6
475 33
218 17
796 40
331 102
248 137
559 28
17 132
870 38
955 7
387 33
271 112
914 199
979 218
350 2
622 123
159 49
955 201
542 177
692 22
303 91
384 88
569 150
221 163
14 1
196 125
510 66
664 23
689 119
567 41
47 216
663 5
989 144
580 155
71 99
754 148
914 162
938 134
888 108
272 151
333 67
652 20
285 217
617 50
13 161
715 109
76 79
264 16
698 145
945 145
818 225
492 34
186 181
917 125
939 13
677 223
7 204
817 143
347 111
967 184
321 109
770 23
762 8
163 11
579 34
930 222
509 49
480 21
554 23
471 119
288 22
467 219
827 185
288 126
420 154
236 115
287 30
839 51
389 1
563 68
812 95
716 172
618 197
717 198
294 164
719 81
686 35
226 64
819 88
741 116
119 152
330 157
333 21
157 149
521 147
41 159
916 158
355 158
654 72
407 174
610 100
232 22
661 207
863 7
322 205
422 190
283 178
196 191
623 155
41 46
776 208
179 143
540 136
927 95
957 83
843 43
810 176
917 195
883 81
301 106
85 149
995 70
529 17
335 126
598 27
998 125
159 29
767 200
414 168
594 197
26 163
991 35
214 182
656 98
389 84
3 201
382 99
545 160
242 131
413 165
957 110
564 165
938 106
164 76
23 34
72 125
248 113
586 136
321 42
260 37
550 89
887 183
314 56
545 181
661 57
747 117
366 10
83 131
992 73
358 42
706 80
766 128
844 204
766 191
945 202
577 196
991 13
480 79
893 149
211 80
980 32
521 198
619 130
705 35
552 187
328 134
843 121
914 111
149 6
554 170
407 130
642 99
945 171
405 89
145 90
94 126
924 191
525 42
273 79
503 176
291 31
785 133
276 225
171 24
432 26
220 38
557 211
939 176
981 193
42 77
309 35
305 57
452 179
773 199
58 1
252 125
458 61
832 8
437 154
508 168
429 102
57 161
939 47
486 69
689 29
748 123
365 2
229 167
880 104
892 39
981 168
988 13
530 195
522 218
525 154
185 129
107 19
939 220
940 1
315 131
7 87
330 196
113 33
187 95
263 156
633 118
573 123
32 205
144 28
772 93
581 184
621 89
254 111
83 145
39 198
525 20
811 129
415 26
764 179
972 176
384 79
621 33
928 77
762 171
205 36
739 112
546 86
528 74
622 110
343 187
359 95
408 72
73 74
797 38
127 43
214 187
723 161
170 201
837 58
721 168
520 11
530 190
522 82
863 120
18 83
506 204
777 165
250 174
438 198
37 40
517 27
426 66
787 47
241 25
582 14
368 76
124 74
518 172
305 182
491 224
289 146
754 215
260 78
266 150
752 29
614 168
607 16
859 120
690 101
719 46
116 111
723 17
334 40
588 165
324 29
16 87
426 19
29 138
124 171
87 25
651 25
495 132
442 28
1 206
155 221
753 121
509 78
862 169
419 99
184 217
879 151
354 180
319 34
342 144
379 153
669 4
479 15
637 95
867 39
51 48
59 205
643 19
982 131
113 1
657 123
142 10
198 122
839 43
580 55
662 185
959 182
690 37
196 28
357 64
666 34
786 152
913 106
995 122
988 132
647 171
754 165
531 128
987 196
171 43
253 184
580 111
217 69
648 214
947 106
177 214
114 214
40 203
446 137
976 36
845 99
781 176
114 161
253 152
384 75
721 36
310 75
198 51
569 172
289 67
552 142
830 17
483 22
747 103
960 24
713 79
48 119
106 161
156 159
964 116
485 159
878 145
984 176
672 204
272 113
122 1
129 151
544 211
524 167
891 208
716 53
639 88
448 194
275 156
454 213
846 14
921 24
85 206
799 58
511 147
420 107
949 26
935 43
863 83
486 203
293 1
708 58
963 80
26 214
110 32
826 56
122 174
679 81
354 104
665 217
602 135
848 51
337 182
395 49
592 180
304 36
433 161
518 95
165 170
336 77
726 111
934 72
259 89
404 40
792 169
533 95
505 180
295 168
514 116
391 107
921 69
692 78
704 61
99 71
455 134
847 33
947 105
379 182
743 135
873 211
203 130
630 34
785 52
251 100
317 191
106 64
687 174
293 142
709 19
962 65
529 185
47 50
291 28
32 135
912 106
622 66
661 27
524 95
880 74
446 123
766 1
489 4
699 206
546 9
876 184
625 30
19 49
231 86
801 189
46 64
870 167
529 80
270 54
326 201
529 21
49 96
321 112
450 21
669 20
481 22
205 32
301 225
480 8
236 207
497 81
695 41
299 225
247 94
330 172
69 58
342 219
504 39
357 28
384 128
299 191
274 128
672 26
78 77
808 40
135 4
945 207
21 193
756 42
163 86
838 182
295 6
52 123
544 159
102 154
786 127
494 36
607 168
336 36
21 93
700 180
799 194
336 71
238 194
790 101
881 152
984 75
510 162
325 28
795 1
332 207
530 127
342 36
694 77
171 139
172 145
869 197
865 81
492 204
999 206
206 154
260 14
406 169
928 80
173 97
507 31
6 86
33 147
523 1
376 18
792 47
914 112
220 205
567 163
584 16
344 89
796 155
330 51
75 157
282 172
330 141
103 210
528 187
682 1
564 9
95 205
307 111
366 176
490 110
588 100
850 83
566 172
589 170
550 213
503 58
262 7
323 16
167 26
202 175
253 215
608 199
472 116
59 164
791 1
473 5
677 224
365 167
671 203
136 220
968 38
402 56
822 77
296 88
279 99
539 6
965 98
581 161
763 167
625 105
244 199
986 145
123 127
162 143
655 24
364 174
639 67
554 210
193 126
799 71
49 39
353 138
186 211
801 175
277 52
556 145
225 41
791 222
595 202
139 99
953 154
574 166
971 154
402 190
679 152
338 52
240 215
