900
100
770 217
103 139
127 190
613 131
530 106
312 208
211 104
100 221
536 148
147 132
483 109
415 52
762 17
567 184
891 38
890 213
431 143
601 35
134 138
817 213
293 80
371 103
759 172
648 171
121 46
379 128
204 168
232 218
386 123
526 102
762 42
289 68
759 41
454 169
453 145
907 22
749 179
951 9
802 101
504 98
96 134
877 127
26 58
969 87
257 121
40 219
612 155
563 173
920 41
966 199
285 47
820 183
852 222
892 4
72 197
928 18
981 204
171 8
912 89
121 43
336 212
538 197
191 200
669 162
115 35
537 26
858 8
784 185
830 2
715 101
125 167
420 182
445 140
815 8
80 162
228 90
799 190
362 116
217 32
803 58
16 66
434 26
399 67
287 78
595 103
480 196
994 175
528 15
841 169
850 196
980 177
335 28
193 173
119 11
430 23
444 97
963 152
374 213
445 210
292 216
12 174
461 182
23 113
499 90
681 98
135 213
776 172
790 120
221 210
81 150
884 26
799 199
752 22
911 48
184 130
938 145
678 50
904 27
738 177
266 45
101 3
782 28
926 99
547 171
535 104
796 194
854 221
617 132
117 179
504 75
433 43
847 212
543 27
513 82
503 181
401 130
883 210
182 183
810 130
305 44
59 102
762 189
397 5
573 166
961 101
165 93
221 113
207 63
464 144
746 168
849 96
272 108
32 55
242 41
885 72
537 20
998 148
910 97
380 182
612 215
910 103
84 80
843 40
244 181
9 164
976 109
486 74
292 218
404 160
710 140
431 221
286 6
896 20
527 175
677 190
966 138
969 124
67 161
339 12
117 174
650 67
907 87
690 100
356 95
435 216
436 92
663 46
349 8
916 77
184 94
716 224
881 160
198 49
495 113
960 38
586 9
406 169
95 123
746 1
892 130
868 53
748 80
48 197
440 215
323 200
258 89
124 140
75 148
788 221
912 22
884 199
355 189
692 177
736 12
604 130
968 46
659 16
352 158
812 143
373 86
118 57
876 143
472 75
617 159
223 203
358 156
376 89
746 144
865 84
856 95
813 175
290 48
890 144
880 3
136 127
539 5
586 141
197 207
68 38
667 165
692 199
395 69
88 92
838 154
325 195
124 214
219 215
663 161
758 68
513 194
146 78
498 31
169 172
787 36
211 31
877 103
829 173
673 118
114 210
572 41
554 70
631 150
459 169
585 19
188 74
462 83
852 11
64 197
709 125
959 45
655 85
174 211
457 196
103 122
708 149
712 13
720 70
737 156
340 73
99 127
122 212
859 73
574 97
696 58
124 206
202 30
840 127
965 148
924 170
921 156
445 85
596 190
679 157
47 218
5 120
544 151
408 154
450 206
676 197
263 126
502 191
280 68
542 222
692 16
16 137
448 137
596 218
328 201
727 99
643 33
870 138
560 202
644 111
258 144
209 220
821 85
336 77
754 104
48 72
46 65
408 221
227 31
240 181
981 16
280 26
400 151
865 161
778 108
671 137
178 179
258 173
940 195
450 120
174 149
841 71
264 1
416 17
956 106
747 88
973 78
263 48
231 155
683 10
987 81
746 115
936 103
514 176
948 138
272 198
164 140
43 102
65 109
620 222
466 193
11 213
448 76
162 153
105 122
37 41
902 134
607 62
136 96
64 135
83 13
907 121
152 202
24 66
112 45
939 177
713 24
366 162
574 78
189 155
76 77
121 54
710 177
165 47
847 6
632 107
620 63
879 221
839 155
338 175
249 1
878 38
576 169
176 2
123 114
531 98
292 126
526 1
730 92
198 3
974 56
561 218
718 215
715 209
46 152
210 221
679 215
311 55
683 111
756 57
202 38
706 68
641 131
846 120
624 220
297 25
575 58
894 219
649 109
552 121
660 14
691 14
553 201
593 212
487 175
95 138
689 75
532 29
382 152
698 132
771 97
306 195
556 225
989 131
808 217
601 194
357 141
157 111
644 101
847 30
152 191
169 141
92 25
169 123
429 144
182 149
565 12
896 220
38 186
675 170
127 202
664 9
917 172
744 60
273 43
41 201
235 134
616 204
261 112
151 214
355 182
239 44
171 134
390 83
369 41
405 98
42 45
683 185
591 103
870 90
720 212
343 32
823 8
985 158
94 162
123 148
171 161
718 191
495 107
900 163
874 179
62 215
75 19
225 93
522 21
232 41
707 126
899 179
236 133
963 131
370 135
481 15
446 123
232 140
657 131
154 30
787 216
445 186
311 21
878 182
466 62
425 99
387 173
53 147
558 42
303 202
452 158
818 22
332 126
188 163
531 168
870 167
260 39
178 46
686 7
402 203
868 51
26 30
501 128
228 183
445 55
336 173
664 80
496 146
905 8
983 62
727 154
456 212
517 183
909 129
391 85
56 84
488 182
865 65
511 167
397 132
622 59
554 87
588 99
632 169
83 142
630 160
170 60
148 89
69 56
592 85
717 150
70 206
81 159
247 68
25 170
250 148
78 105
635 192
204 68
212 188
584 192
799 106
278 146
496 199
353 64
510 47
438 104
329 145
512 176
813 188
570 187
886 175
216 172
368 96
489 155
409 50
773 59
530 25
505 2
100 59
815 159
982 53
187 11
122 125
886 11
938 132
347 25
158 90
46 101
37 209
105 122
958 202
356 14
278 212
215 103
420 80
986 202
634 125
64 207
926 51
393 163
107 16
37 142
357 209
142 221
968 46
542 52
474 124
116 126
460 132
128 207
63 91
985 48
990 48
155 65
700 74
130 158
341 68
774 125
952 90
795 19
512 11
547 35
585 14
736 71
696 163
979 10
328 113
158 69
362 139
936 136
914 15
219 179
582 142
303 185
259 197
155 20
785 152
755 221
715 215
116 137
704 170
872 59
409 31
52 96
44 87
183 207
403 178
562 62
97 65
221 205
313 103
124 174
429 53
169 20
719 62
609 73
83 182
158 166
212 84
613 207
548 198
915 150
900 53
638 71
44 111
350 84
938 101
157 68
55 201
564 74
314 122
548 146
355 155
238 168
265 53
524 62
350 215
114 1
970 128
949 38
313 225
721 225
475 153
967 132
555 33
7 95
54 4
615 59
610 204
326 49
758 202
38 159
343 28
60 112
605 58
677 168
9 149
519 209
978 113
365 82
720 146
103 73
276 17
533 12
273 11
462 130
764 101
489 56
353 50
770 110
259 23
579 42
546 97
102 74
934 18
407 128
540 210
778 190
578 37
51 152
872 140
232 85
715 172
93 143
323 14
729 206
363 182
847 33
403 151
783 89
118 192
341 158
403 70
824 55
132 202
182 205
91 90
342 130
188 136
224 135
999 177
442 63
258 15
972 13
940 80
701 108
648 143
67 100
215 40
381 146
116 14
52 131
678 68
11 17
178 186
78 178
890 144
240 149
159 162
511 98
318 88
507 165
956 123
366 45
463 71
867 5
660 193
136 14
663 223
906 117
83 8
72 199
854 188
823 137
226 58
461 18
248 145
859 203
244 99
724 83
322 142
988 81
211 223
669 23
972 176
417 56
909 88
730 162
150 152
125 1
236 185
270 8
256 131
685 25
56 110
557 52
701 194
357 187
18 53
136 64
303 2
395 13
39 149
324 191
27 73
268 162
385 139
745 15
721 206
139 152
893 198
505 168
591 162
856 184
591 217
949 43
543 20
456 134
170 56
474 121
931 168
458 92
981 54
306 177
686 197
830 3
196 184
523 161
547 178
746 212
721 20
30 214
389 137
549 34
967 47
106 199
466 90
915 173
468 223
851 56
721 105
435 16
14 107
701 62
687 174
49 107
493 130
670 58
618 43
143 59
591 124
185 8
163 149
206 183
671 131
840 166
88 174
306 178
231 184
364 219
157 62
675 151
193 22
233 110
914 178
746 32
976 80
616 115
28 46
824 201
229 188
441 66
937 149
768 19
457 83
787 13
247 163
965 214
509 197
601 75
276 146
631 51
627 23
93 54
419 116
56 124
931 49
314 94
947 33
89 130
267 2
719 138
39 183
304 123
231 104
322 182
601 129
757 127
901 51
232 46
117 88
669 124
136 184
617 159
118 155
188 210
283 31
249 146
588 127
220 193
