900
100
754 16
444 79
132 4
160 74
180 49
654 43
625 207
813 47
826 158
344 166
640 115
883 76
574 162
132 116
576 59
304 81
651 122
885 58
350 46
856 82
194 86
251 45
192 90
366 67
697 161
959 138
27 16
490 150
579 47
17 30
557 45
835 58
66 96
990 118
818 72
1 113
57 28
532 50
17 74
616 190
309 1
753 162
766 142
287 19
215 5
850 172
975 37
331 42
107 170
511 152
868 11
639 224
113 196
875 206
771 215
546 157
767 100
118 57
243 6
875 135
411 2
581 112
113 188
128 221
934 139
847 26
501 13
76 14
360 175
446 130
791 216
561 32
992 206
88 210
786 214
44 48
390 26
284 79
238 139
425 171
754 48
323 79
460 98
219 94
699 190
949 89
7 111
45 201
243 34
585 129
149 130
928 116
307 214
744 21
327 95
418 5
495 40
685 81
489 106
125 62
920 225
27 128
637 96
628 80
906 114
260 81
895 37
296 51
750 217
448 203
263 140
859 159
956 169
415 194
799 16
982 170
315 58
699 3
430 2
182 160
242 168
93 12
332 38
689 108
131 64
861 219
353 119
854 36
614 218
104 214
158 86
833 74
445 57
479 175
210 210
561 103
805 3
939 11
41 55
568 173
468 30
268 147
851 197
832 89
389 13
580 24
725 114
722 119
647 225
43 106
212 4
659 68
256 149
503 98
280 22
171 147
202 38
271 27
559 77
867 25
389 71
198 65
210 196
634 181
823 26
64 111
631 149
753 87
22 82
886 154
28 56
400 206
846 22
984 206
124 1
55 14
648 104
329 82
227 89
65 201
989 30
786 195
553 90
858 76
496 118
579 100
151 131
456 198
352 139
103 77
289 10
43 89
465 48
145 66
36 86
91 76
40 126
347 119
765 204
870 212
299 25
487 201
130 167
148 134
732 177
660 98
111 127
661 126
776 182
266 136
718 59
187 209
936 83
405 53
89 176
664 89
425 177
539 182
443 63
740 77
639 74
899 200
453 134
677 28
715 169
391 184
2 202
893 65
461 149
342 224
274 207
287 73
859 202
604 103
214 118
179 105
94 127
306 98
987 57
125 177
275 115
485 54
443 129
918 29
729 61
804 202
967 166
700 200
619 130
478 8
998 31
37 93
85 69
340 71
675 141
124 176
331 36
281 225
41 173
28 95
160 107
771 102
274 172
951 67
477 205
76 151
788 64
268 47
157 34
294 31
774 18
484 204
378 89
581 43
314 110
187 148
791 35
599 141
131 152
660 57
681 160
784 193
199 103
691 182
361 10
538 85
402 21
590 131
136 145
548 24
130 137
922 72
396 195
688 203
773 22
837 79
433 120
273 6
23 216
338 133
300 2
517 78
599 159
183 9
628 207
535 159
168 31
381 115
327 45
793 225
118 179
905 125
600 2
533 122
844 197
357 43
800 125
547 98
683 206
483 136
163 17
419 132
824 126
597 151
570 166
250 114
369 54
589 18
682 196
942 151
694 48
20 18
522 19
242 5
999 99
867 13
93 87
195 41
140 218
418 36
883 219
100 51
172 163
570 206
160 86
83 178
160 29
345 132
372 136
238 98
661 206
235 55
444 81
373 158
923 165
644 57
161 118
759 32
782 54
889 66
191 73
145 203
777 91
736 200
778 123
222 165
780 9
895 100
941 194
158 41
760 53
372 170
247 31
604 103
811 92
320 153
815 116
55 93
656 65
442 85
114 191
574 220
824 70
820 166
438 127
331 50
481 78
469 2
185 74
106 70
268 202
699 209
944 179
376 176
895 194
735 84
184 58
253 184
480 224
475 44
752 105
818 182
507 139
310 116
62 217
37 204
895 61
762 163
841 89
788 135
658 147
95 216
182 175
200 211
123 74
929 177
830 174
458 14
737 195
731 73
886 193
479 206
855 65
970 197
729 83
133 211
279 30
578 87
279 29
472 203
802 153
979 159
851 114
672 187
908 127
736 95
521 189
277 225
454 97
773 9
4 181
271 9
485 73
798 15
329 46
219 82
373 198
465 125
338 186
161 47
538 224
93 8
462 95
785 42
968 134
152 23
814 147
956 125
622 5
764 200
726 183
783 23
532 123
673 171
383 60
817 222
785 184
682 72
630 168
865 122
726 42
919 165
790 2
541 113
331 30
64 56
639 22
506 72
94 105
742 53
66 60
452 101
818 158
449 123
302 215
396 2
33 215
918 98
893 109
937 100
115 3
631 55
199 113
626 219
369 142
823 34
276 199
636 45
758 184
244 109
749 65
438 31
306 155
955 200
813 44
124 2
596 56
31 121
593 8
789 211
726 38
747 3
589 32
798 73
818 93
757 43
384 119
50 89
900 132
590 138
600 189
991 220
819 74
692 14
381 55
76 109
794 122
811 207
556 210
80 23
705 63
642 113
733 16
129 107
47 143
696 96
431 37
192 177
412 83
717 17
714 67
602 108
966 115
241 221
724 22
245 3
211 186
868 143
576 196
927 123
65 147
620 98
660 14
449 171
46 65
215 112
308 191
619 198
580 186
793 6
235 89
435 170
274 2
740 25
649 43
824 189
639 70
913 26
958 213
721 179
229 210
115 61
103 110
161 134
647 105
689 208
694 26
678 17
129 119
168 103
786 118
843 176
138 57
426 97
819 224
802 147
785 218
934 37
352 119
273 51
399 136
583 192
788 12
410 67
380 128
46 117
272 113
293 86
994 95
208 39
568 59
210 128
277 218
591 205
589 213
330 162
176 115
430 163
876 214
879 83
768 224
476 67
163 145
152 158
190 109
671 159
368 207
461 46
727 52
975 190
266 107
653 41
273 132
404 225
272 34
459 167
910 160
783 22
54 159
932 93
293 202
352 37
834 139
359 210
567 158
226 108
341 178
273 138
959 178
465 30
662 98
621 71
857 30
994 111
689 150
505 58
527 108
696 137
724 54
623 90
738 173
474 181
725 172
395 35
774 109
616 162
782 139
709 13
343 203
900 131
979 32
715 132
316 212
568 91
815 42
681 130
389 31
335 165
252 4
499 153
940 90
516 146
703 200
710 222
279 212
780 182
70 194
114 87
256 183
128 47
575 185
678 40
665 139
780 192
445 5
646 134
96 86
104 200
737 90
547 115
478 151
272 197
171 212
284 178
769 11
552 168
570 54
10 11
593 14
502 162
770 199
772 216
12 2
15 223
391 213
763 219
238 11
767 136
122 127
890 217
164 191
937 210
22 21
671 91
86 197
2 155
23 148
72 109
999 162
781 66
351 45
961 114
280 180
701 103
481 215
995 45
383 81
729 79
876 76
369 186
275 22
167 97
846 139
330 196
677 137
936 102
357 199
967 63
328 169
741 60
609 35
156 166
665 185
746 42
987 14
204 186
187 47
557 82
960 88
227 138
700 139
367 181
762 108
43 91
352 10
601 37
869 81
654 210
992 151
128 179
864 131
239 77
53 23
433 189
385 209
352 109
172 220
491 61
402 186
78 205
20 128
768 66
786 148
125 179
523 128
459 63
935 150
139 37
197 71
703 108
581 206
17 55
475 159
390 128
96 92
333 141
497 2
356 134
225 82
762 49
436 98
837 121
622 25
709 193
898 88
750 28
168 118
582 42
329 23
222 49
790 156
891 213
357 221
271 133
430 34
32 165
956 68
587 204
194 148
98 66
410 73
921 130
317 2
923 172
825 219
421 191
49 11
955 81
909 177
690 15
312 221
906 220
940 118
548 86
492 196
928 153
845 123
182 163
702 55
510 28
248 105
195 24
592 49
406 225
725 195
189 88
168 72
7 132
939 55
944 107
200 22
34 171
71 91
908 147
672 217
649 71
698 45
919 90
343 24
141 144
771 207
807 63
128 88
396 68
719 65
199 45
563 34
665 108
799 98
405 147
341 30
93 64
952 138
680 219
39 120
65 34
501 23
98 153
387 168
45 131
184 220
375 23
179 217
731 204
316 212
151 56
243 170
46 194
957 150
840 122
545 31
155 197
478 77
377 214
97 223
321 182
368 173
730 73
439 162
226 79
650 3
761 94
674 184
790 133
235 129
329 31
884 184
528 211
87 179
576 210
