900
100
85 64
201 8
267 146
951 171
99 82
129 177
540 150
383 148
654 210
559 27
370 13
825 38
374 26
666 148
855 140
165 166
880 117
974 22
287 51
342 38
33 222
264 22
948 73
519 126
757 179
352 26
717 153
140 17
878 205
841 82
744 6
23 149
74 23
122 211
623 188
450 32
636 63
579 209
62 49
184 18
878 88
295 21
415 209
739 193
238 79
376 133
936 123
308 85
97 104
722 97
891 196
78 77
235 8
462 98
457 220
465 111
884 209
983 201
544 46
295 206
651 95
113 139
420 221
948 16
201 171
587 217
543 15
970 104
672 58
776 130
779 90
517 13
350 24
313 195
571 34
25 72
628 114
160 172
261 34
915 87
831 178
905 223
517 76
501 41
8 76
372 11
867 64
800 168
387 114
812 208
422 138
531 50
676 142
448 14
852 114
102 32
567 108
54 85
935 181
975 194
181 174
79 74
587 106
966 150
46 152
634 193
316 116
869 193
557 168
631 85
382 184
441 123
441 196
382 75
751 159
668 8
407 74
681 170
681 148
669 51
126 53
545 16
170 138
784 27
81 16
486 189
850 54
761 92
124 119
369 175
202 88
509 210
838 90
304 218
187 23
596 138
627 165
105 121
553 188
874 210
654 137
798 5
990 85
496 40
403 141
691 82
604 50
916 216
389 220
311 202
544 131
591 22
397 146
317 26
583 168
285 138
606 9
442 147
695 65
411 123
505 2
406 35
301 96
253 16
540 165
967 158
820 158
604 18
605 148
869 64
167 105
127 47
291 170
718 85
561 205
434 93
581 64
877 83
160 204
273 76
43 142
486 39
501 14
134 82
713 152
995 181
858 173
2 23
393 21
485 5
551 193
722 33
109 51
68 70
79 92
670 224
635 205
39 185
596 24
591 85
525 13
891 85
410 42
882 129
315 41
459 167
636 5
51 144
130 193
363 136
162 184
386 171
539 101
931 36
300 223
145 126
810 160
910 22
279 144
725 143
861 58
809 71
715 161
591 169
329 28
756 15
689 143
637 202
269 194
712 195
792 183
95 28
243 132
524 198
852 26
465 112
783 25
208 197
835 223
693 140
103 150
356 116
293 218
369 86
263 207
832 31
639 28
359 108
634 159
105 35
186 21
197 94
897 156
817 109
553 136
598 57
661 56
797 128
650 142
865 112
948 146
318 114
973 28
171 159
613 76
795 24
548 218
119 20
450 60
528 180
796 202
361 31
782 10
760 183
26 24
695 101
671 39
264 220
391 209
953 130
61 225
153 86
794 96
405 19
558 59
598 178
760 35
160 119
171 19
676 22
542 145
874 89
733 162
558 75
922 63
830 135
314 132
295 157
605 151
702 37
334 26
866 70
961 75
338 208
943 39
679 186
735 4
751 193
40 183
942 189
170 73
1000 133
457 196
942 86
696 118
574 156
646 214
177 31
463 15
88 207
528 69
944 62
374 94
81 116
353 175
79 123
497 55
357 53
75 198
365 197
293 138
854 113
376 5
895 15
544 34
298 123
804 41
37 53
286 92
943 64
843 73
513 167
802 94
644 151
519 11
349 36
298 127
748 101
583 117
215 29
327 163
901 131
105 214
308 216
758 125
381 225
974 118
291 150
761 212
2 104
647 75
441 196
903 113
321 210
181 13
315 33
752 216
638 31
856 172
598 163
898 178
213 146
870 155
645 108
493 23
613 16
699 4
139 176
593 161
437 224
698 52
633 1
319 72
657 124
918 156
787 192
584 51
37 5
557 8
787 52
30 150
892 178
805 105
680 147
841 218
522 40
219 54
691 189
127 124
63 21
656 201
562 214
903 98
396 109
982 157
860 186
933 54
738 164
485 144
486 25
237 57
567 7
513 209
696 114
659 110
387 39
310 173
553 214
898 125
374 29
833 136
890 16
689 179
854 173
100 91
850 61
50 141
142 137
376 37
552 109
946 38
347 57
238 1
170 135
550 21
365 8
481 31
500 119
937 80
693 186
748 142
371 197
309 139
358 59
701 11
69 148
199 141
957 138
666 128
274 93
373 88
302 78
244 1
373 155
857 141
567 129
959 187
400 218
800 34
303 102
370 97
202 145
139 108
707 31
987 155
723 210
617 49
564 187
176 137
743 60
354 109
340 212
597 115
931 49
200 134
952 19
957 53
488 120
662 46
250 49
525 100
8 44
700 146
57 128
859 225
612 212
460 201
524 109
42 56
509 117
391 185
162 72
613 177
793 224
547 220
274 24
71 131
269 120
204 175
997 212
476 35
626 213
911 51
696 204
306 79
897 122
663 161
395 102
412 38
253 160
934 26
85 4
159 128
125 87
30 197
775 130
81 150
792 68
900 39
647 81
42 20
902 207
305 48
35 66
187 62
378 220
165 114
475 123
167 225
684 146
73 108
52 28
210 219
848 59
682 194
666 201
740 219
484 220
567 143
112 178
157 216
225 171
655 49
643 121
298 103
368 70
487 194
875 121
614 72
157 98
567 197
75 131
741 133
702 59
427 64
411 133
654 10
903 158
686 145
480 210
574 197
57 111
618 31
756 58
4 64
582 72
86 106
579 53
565 206
836 167
94 173
574 97
585 152
407 120
373 186
604 24
85 37
359 202
294 191
636 47
730 68
570 117
873 199
344 13
429 106
429 222
128 79
620 62
830 1
981 180
264 112
853 223
948 163
401 42
28 111
890 209
253 85
275 178
608 95
915 63
500 195
909 28
48 30
691 105
258 149
136 96
960 140
220 9
902 170
852 31
7 17
390 112
553 114
89 37
634 80
899 10
401 209
112 200
38 178
29 95
826 16
167 187
855 161
395 58
357 72
389 91
340 103
327 67
793 92
755 26
121 28
911 46
811 124
320 75
528 151
847 55
568 13
841 200
751 38
882 209
186 120
174 127
399 50
120 92
266 174
969 138
878 31
610 38
957 82
887 109
982 160
189 51
98 6
675 173
320 57
658 82
178 57
733 52
331 2
768 74
77 138
686 29
319 221
641 150
577 5
110 135
964 75
810 163
383 37
612 2
393 145
559 95
101 118
146 133
495 115
83 121
353 71
525 23
416 42
649 194
748 83
605 89
408 166
476 117
602 188
843 69
357 28
916 134
396 188
943 92
678 126
812 157
146 188
404 88
557 177
608 154
161 37
367 70
329 95
61 6
282 131
276 215
8 168
150 130
956 42
996 35
117 35
718 189
199 196
526 105
524 158
411 111
696 102
956 102
323 141
307 79
623 59
945 31
829 69
385 184
538 156
120 156
892 62
620 65
309 222
845 109
630 30
219 2
383 1
53 206
542 36
661 14
997 6
146 200
51 83
960 115
615 29
946 81
267 165
595 225
61 89
758 142
45 153
71 180
854 125
485 122
186 97
262 134
454 58
358 107
642 144
796 31
99 41
761 140
657 30
291 20
146 125
463 167
727 183
321 205
8 107
678 70
654 115
78 184
699 137
315 190
455 61
595 53
203 157
269 12
61 209
281 183
958 18
100 211
628 72
968 162
281 170
883 36
936 87
744 109
98 59
325 104
521 171
808 150
977 1
286 115
634 191
299 143
661 75
978 115
522 145
626 152
590 108
87 200
171 7
511 18
592 87
171 62
458 155
539 134
405 199
175 190
742 199
332 79
223 9
393 21
606 18
897 122
877 185
423 197
517 58
666 83
120 213
572 177
517 10
362 123
285 39
662 26
362 193
779 59
653 123
32 60
892 78
156 143
615 104
166 108
863 33
942 184
370 213
262 161
974 99
158 136
512 196
988 200
515 92
160 18
641 216
129 8
119 85
300 210
215 143
567 2
1000 108
411 195
373 147
607 196
647 67
308 35
639 146
734 79
414 94
673 104
84 51
586 204
437 88
990 201
55 106
80 6
416 215
127 188
513 36
485 87
554 143
21 17
88 130
345 126
1000 17
554 185
170 167
989 81
729 5
257 85
886 138
540 151
177 117
440 141
104 149
552 132
68 123
848 180
679 18
7 180
561 188
464 205
404 129
688 157
134 169
266 71
631 157
23 34
175 39
551 78
89 3
934 132
27 184
663 82
678 97
438 113
934 53
320 187
