900
100
50 16
201 216
149 54
491 160
623 102
188 77
451 72
304 40
230 18
320 5
851 5
140 73
816 71
677 86
520 57
140 171
722 217
787 123
520 179
307 144
805 222
145 157
468 126
622 124
818 16
106 170
97 120
369 137
942 196
349 62
502 164
382 99
180 220
446 27
148 52
545 55
598 217
263 167
194 9
466 138
176 21
735 147
167 203
535 208
148 159
921 200
372 155
225 78
174 120
306 149
773 153
330 98
244 67
139 139
476 156
151 151
526 185
275 194
988 9
152 162
692 47
488 38
78 87
318 177
733 98
925 83
825 181
580 220
197 45
560 149
26 11
27 203
947 26
299 11
109 175
773 201
873 135
215 76
324 59
554 81
507 5
913 8
435 169
455 33
266 14
7 16
76 83
545 150
333 43
660 141
644 159
593 144
396 8
819 221
43 124
126 49
553 66
584 87
586 163
969 101
403 127
493 131
359 213
205 143
232 41
836 178
352 53
96 147
587 141
169 5
989 44
530 166
36 213
879 222
502 197
824 32
526 92
87 134
706 43
927 212
858 162
164 161
541 86
307 153
876 50
109 39
121 88
404 133
103 57
481 104
481 105
860 6
621 123
241 101
940 69
614 75
280 130
710 98
740 144
652 216
195 60
479 217
397 60
175 101
516 80
455 23
311 166
353 206
316 219
608 55
112 47
756 119
351 191
268 165
834 119
705 128
678 11
47 151
770 71
277 12
227 58
985 213
100 114
820 165
282 153
22 221
649 2
841 201
242 208
440 127
26 122
807 105
384 28
832 80
425 108
141 126
542 177
540 42
166 185
408 172
139 79
544 189
206 211
489 99
843 130
226 120
128 82
626 88
236 133
367 85
917 85
662 59
336 29
452 101
265 184
300 203
288 93
541 170
579 156
643 98
12 95
345 17
603 95
354 163
427 46
849 69
580 111
154 217
64 105
768 178
815 192
82 152
261 147
298 16
354 191
964 67
160 210
208 63
629 14
952 81
634 126
751 15
311 154
183 201
860 150
53 199
368 134
128 54
107 100
819 62
717 9
528 177
793 38
991 124
1 117
829 161
742 6
902 79
186 59
129 70
34 33
70 151
666 99
381 99
974 152
287 90
37 115
918 205
902 158
955 29
202 133
239 118
65 190
699 175
223 77
646 6
360 165
9 102
264 14
853 64
940 14
278 152
953 73
158 106
455 112
459 158
246 97
951 35
188 74
559 136
827 106
18 86
270 176
915 135
415 42
473 181
905 178
34 10
650 116
767 81
654 76
464 124
274 116
560 112
766 20
224 217
25 41
130 170
619 196
531 60
162 104
90 118
458 174
627 184
666 69
914 170
971 104
570 21
846 105
57 61
599 32
555 76
225 61
622 168
431 202
227 94
507 68
361 14
143 113
422 184
733 63
480 203
768 74
298 39
530 182
576 129
690 82
456 164
869 102
756 224
580 159
242 37
2 130
402 69
294 126
304 76
215 33
80 7
832 154
947 111
787 75
841 202
356 148
390 177
724 73
875 206
831 94
742 7
775 170
328 118
670 206
93 84
766 124
218 172
252 14
309 41
38 2
867 71
149 156
322 225
105 23
880 61
368 48
119 217
467 73
209 114
429 128
724 119
528 166
142 130
457 52
170 146
303 13
943 29
995 64
28 50
164 59
35 81
231 55
25 149
303 8
889 8
238 165
628 40
905 121
896 163
922 217
559 52
804 126
380 224
117 159
250 207
17 209
162 149
140 13
999 217
771 40
876 35
204 3
124 83
623 70
173 70
436 156
473 117
583 79
390 124
962 214
330 55
274 219
280 165
381 153
559 78
517 34
214 222
937 13
180 159
709 204
455 21
434 54
87 16
482 78
67 195
818 123
476 193
943 105
560 1
385 168
178 103
551 17
325 64
81 6
750 41
559 156
636 169
835 25
711 168
254 202
463 99
877 40
218 94
397 77
494 56
894 224
385 47
767 136
635 147
268 211
339 3
292 74
521 126
400 9
793 79
712 32
77 188
897 69
759 43
423 202
425 216
627 186
464 93
574 26
591 168
186 131
371 152
255 168
954 129
826 224
659 40
705 37
829 153
381 162
597 130
191 223
470 217
886 36
562 159
736 29
3 123
785 98
750 191
968 205
396 95
153 180
34 60
141 188
514 148
449 113
27 141
835 224
160 172
486 148
882 146
576 85
493 162
257 144
454 49
649 100
721 153
256 104
362 96
968 78
621 17
690 174
759 74
199 168
596 84
990 177
256 93
713 99
629 45
694 35
545 19
284 115
847 14
371 210
286 163
787 58
106 26
257 215
352 57
134 224
491 74
127 196
393 90
846 73
161 17
807 105
585 15
322 206
628 92
991 16
29 79
523 87
605 131
351 31
938 59
606 103
959 82
525 176
571 73
724 131
614 130
788 123
620 161
981 224
504 173
864 159
451 139
370 182
869 95
714 6
556 119
585 164
403 112
865 198
184 190
56 99
469 45
346 65
655 203
39 110
1000 129
393 3
992 63
209 86
482 50
666 189
593 78
255 195
64 121
320 147
410 202
395 178
273 67
670 104
122 133
788 73
313 30
275 130
942 86
165 76
110 132
164 129
136 218
401 224
240 145
797 24
798 43
879 20
635 98
348 33
607 110
580 144
666 180
223 58
42 89
735 1
273 50
556 83
20 106
607 34
27 105
908 24
298 86
893 84
685 217
391 66
78 220
209 119
176 32
703 92
170 187
719 219
686 100
202 105
230 210
316 57
914 23
432 63
360 2
846 169
620 88
334 198
910 217
793 135
325 197
654 22
635 24
640 220
998 91
377 155
1000 117
188 216
266 221
828 125
647 26
668 42
613 128
316 74
894 35
311 21
306 89
417 215
39 56
611 62
249 14
968 48
382 132
865 147
477 195
623 124
70 217
742 159
994 57
908 65
516 95
810 148
885 126
112 173
633 224
959 206
765 103
481 21
784 222
145 136
741 92
736 185
409 77
196 29
885 5
345 102
24 4
924 108
731 212
830 16
812 116
596 101
418 128
722 54
125 116
814 90
984 101
27 169
377 47
498 188
676 117
364 149
348 139
958 180
377 137
145 213
927 18
764 72
520 37
250 96
54 140
861 12
315 62
781 18
460 205
655 37
823 95
185 147
360 42
952 11
280 71
923 84
540 138
255 60
874 106
407 152
622 167
964 86
505 171
330 41
77 186
802 124
57 88
421 166
831 147
151 186
819 173
669 11
463 25
122 86
130 103
263 201
147 3
38 151
25 94
319 201
54 95
351 160
458 196
877 138
494 102
398 40
451 193
375 13
692 171
249 173
23 163
275 196
792 139
172 216
734 140
268 112
961 168
248 70
741 76
58 134
502 132
250 105
577 49
217 195
471 42
145 146
679 169
366 22
435 64
637 193
730 81
307 91
874 56
460 214
382 194
199 135
28 174
539 79
424 131
223 95
924 17
92 30
138 9
776 199
698 115
443 154
20 124
821 218
7 58
858 190
501 207
974 178
505 165
483 203
972 131
174 120
424 17
849 211
426 200
484 150
389 4
253 110
27 149
5 185
706 187
124 58
918 75
438 149
314 145
54 135
625 77
179 76
196 5
961 171
4 72
95 119
75 172
855 28
772 209
190 127
721 188
35 165
114 22
764 102
743 42
63 43
395 144
768 90
973 5
210 178
228 181
71 29
355 177
459 101
136 148
603 106
960 14
845 26
812 185
852 79
776 190
273 223
508 117
112 82
472 174
159 76
329 156
705 83
857 213
809 42
810 13
199 71
103 19
546 164
355 50
467 31
16 17
653 225
483 166
706 81
789 114
357 70
444 88
504 150
575 214
644 36
426 217
208 78
237 81
793 92
855 85
74 22
351 28
96 60
193 153
491 134
16 72
155 136
259 8
462 60
322 130
272 222
947 131
627 10
936 194
126 167
30 49
363 32
276 35
917 96
962 59
506 2
605 85
139 115
317 76
751 140
705 199
737 153
204 90
538 90
485 90
633 42
214 98
598 41
157 216
13 94
624 18
447 5
177 111
146 21
538 223
835 44
621 123
597 127
989 186
316 149
500 125
340 15
647 89
