900
100
846 151
536 139
16 33
232 50
406 77
678 46
775 208
235 151
565 30
463 145
868 79
193 62
533 93
141 180
630 160
438 126
535 223
864 103
807 148
252 14
51 181
610 1
489 119
3 28
225 92
925 220
745 44
206 204
336 196
110 41
633 47
793 42
872 83
421 5
455 123
594 56
305 130
683 68
750 137
198 49
853 199
418 224
942 99
578 153
321 187
595 78
586 12
472 209
746 142
190 151
916 110
58 221
689 192
365 88
128 37
764 157
35 6
632 79
156 11
958 104
600 129
133 137
642 179
697 112
848 211
587 13
21 121
335 161
87 175
851 16
613 39
249 100
794 33
328 27
793 62
130 119
540 137
280 156
218 201
567 65
214 131
179 161
853 16
646 217
565 171
209 54
461 58
880 80
42 209
556 11
195 62
930 61
298 159
266 115
537 85
931 27
42 187
687 171
327 109
537 218
532 221
771 142
555 26
598 21
209 205
781 106
541 160
841 14
271 209
705 159
995 13
260 161
449 198
281 175
333 43
369 66
915 39
208 194
141 82
64 177
662 71
457 102
906 49
392 203
107 174
686 151
788 147
488 211
946 19
362 130
938 205
846 29
220 5
672 13
561 37
766 147
282 124
776 164
222 69
418 204
319 155
781 81
751 94
693 73
389 156
678 103
135 173
881 32
927 179
771 89
342 111
413 200
109 138
514 180
58 158
10 154
738 218
186 215
411 179
240 76
284 92
180 71
791 187
829 94
315 24
907 181
134 19
982 142
858 172
923 68
130 185
996 192
427 56
58 37
411 122
339 222
213 168
169 130
929 47
423 95
947 180
602 30
648 83
673 181
430 197
773 134
231 70
777 107
300 159
845 13
483 133
109 95
52 179
50 82
625 222
926 121
153 104
2 201
462 26
658 43
972 5
153 153
901 154
211 77
114 56
614 21
590 149
643 142
702 219
325 153
867 53
600 45
481 76
820 169
978 54
536 150
610 40
504 10
968 214
61 159
769 175
29 59
100 173
352 27
66 76
831 208
630 106
304 111
383 150
756 161
303 144
310 87
683 40
421 151
878 8
436 72
859 141
357 159
839 208
112 29
735 17
188 65
724 141
827 182
965 107
467 42
225 28
530 208
292 102
910 94
135 95
167 118
160 173
951 150
582 114
254 144
708 68
385 131
284 36
537 100
792 30
219 219
834 148
628 175
50 212
646 186
233 139
528 142
39 181
742 120
244 72
640 26
491 124
734 1
586 122
726 128
977 121
98 87
43 200
639 119
261 184
979 145
799 157
588 62
689 6
809 59
27 98
587 95
824 120
995 34
941 22
138 219
367 160
431 185
959 169
205 146
704 209
767 102
42 5
339 182
35 224
365 139
946 151
283 144
270 102
530 113
701 217
831 92
902 186
828 112
681 8
135 134
568 201
238 61
255 53
42 42
426 31
55 198
357 187
844 53
965 173
540 65
39 46
84 90
983 86
504 14
943 113
399 187
890 36
822 172
563 38
138 190
269 167
63 77
880 106
954 121
278 69
213 216
216 221
608 223
206 213
213 1
452 89
362 66
599 209
189 39
398 51
853 193
869 217
994 223
172 225
296 201
145 183
469 112
803 203
261 85
890 224
860 116
437 99
33 37
757 72
900 206
899 130
524 218
371 44
515 45
520 212
695 214
669 90
375 173
942 36
183 83
461 169
875 224
967 33
635 175
481 162
581 104
343 156
146 65
324 138
959 121
174 181
859 120
520 36
17 164
573 151
996 35
297 46
633 188
130 119
690 60
505 120
340 172
77 86
264 75
850 172
947 173
579 131
217 51
743 186
264 167
488 61
51 84
833 60
399 62
653 63
923 8
709 163
356 110
748 69
536 72
193 33
971 73
640 190
573 34
477 163
400 139
799 2
100 208
836 148
945 13
937 217
997 97
129 130
133 3
675 95
176 144
854 197
342 220
38 166
578 189
454 54
477 154
130 203
586 167
425 7
805 213
749 78
61 204
857 168
457 7
565 107
102 43
130 193
263 117
709 117
32 64
521 9
469 52
436 179
319 163
936 225
277 11
627 113
264 111
882 195
719 196
704 145
216 33
263 155
352 73
21 108
188 43
243 6
247 206
709 192
595 196
391 171
31 94
560 195
204 44
366 147
591 119
94 131
254 58
635 7
30 158
691 144
252 109
224 173
316 159
414 110
280 156
132 162
525 44
308 55
837 1
354 152
446 147
585 201
506 169
7 212
578 148
455 180
983 53
327 223
961 93
207 167
600 40
606 151
733 165
556 221
290 61
348 111
59 84
786 64
502 120
450 180
842 6
261 124
933 87
473 95
31 106
189 81
720 71
458 55
410 90
725 2
625 24
139 183
707 76
598 186
420 174
992 63
654 152
788 63
190 185
535 123
290 125
555 37
220 87
166 204
377 192
32 101
18 195
36 201
446 10
988 67
384 179
830 189
230 142
679 222
229 63
344 45
287 148
231 156
909 223
486 185
342 45
638 59
39 50
786 111
9 74
53 69
752 82
485 184
850 163
105 203
375 125
948 13
697 155
870 107
278 7
594 169
576 58
329 117
607 139
802 165
887 179
711 66
87 145
324 189
357 30
718 133
931 15
95 79
547 139
935 201
22 130
794 23
462 24
564 68
939 192
35 201
923 120
168 59
291 116
649 172
622 67
81 177
383 50
530 129
490 41
104 211
696 74
460 184
722 198
929 86
92 138
838 189
59 205
22 174
847 96
347 170
389 77
723 121
601 29
52 192
419 180
304 66
756 64
975 4
138 155
489 79
217 28
242 202
34 116
975 32
638 148
51 78
99 148
148 176
376 49
492 72
706 197
964 136
262 40
289 175
544 55
980 35
159 174
738 193
541 212
776 205
736 27
907 184
951 29
884 4
605 102
177 12
226 90
474 212
430 164
238 98
595 120
85 179
143 22
298 10
886 23
564 21
251 45
807 102
875 165
232 81
769 58
492 219
547 65
832 51
431 20
301 100
639 160
778 33
558 25
167 120
500 82
416 200
903 172
303 77
263 59
960 83
941 76
728 38
768 160
815 23
629 167
222 144
851 2
103 161
778 44
555 177
702 195
379 129
543 106
732 183
215 16
540 107
494 168
346 163
827 111
810 107
627 133
777 205
86 79
590 39
499 21
492 125
818 20
155 10
551 111
869 117
577 59
623 45
28 194
682 206
481 218
12 9
577 215
288 138
18 179
878 16
725 96
67 17
591 46
253 68
106 97
961 109
882 8
455 34
903 186
114 158
330 152
842 9
616 206
273 208
710 27
500 186
222 68
327 64
138 106
656 95
404 141
981 10
551 10
193 3
923 108
188 27
134 154
510 1
509 59
733 120
635 84
355 207
501 108
20 90
964 3
937 17
995 42
4 222
351 173
350 73
206 212
877 141
917 13
792 100
872 176
347 156
812 126
714 64
734 61
6 49
113 217
767 84
210 195
356 187
670 80
185 77
593 13
269 84
150 185
285 148
288 56
879 101
684 94
114 69
29 196
817 216
764 60
600 98
57 155
885 51
11 146
304 5
833 222
463 9
984 149
707 196
82 62
73 92
880 61
885 84
9 103
401 97
339 27
745 70
658 81
472 68
753 125
622 210
347 211
270 130
887 201
952 45
912 49
436 19
561 122
404 19
724 54
693 39
156 137
809 140
769 107
185 96
407 158
457 180
594 176
786 157
54 114
503 67
464 163
460 149
961 65
945 161
19 162
449 26
425 82
690 220
241 199
65 74
32 221
103 102
598 215
160 28
328 112
320 143
951 6
518 211
346 164
946 16
450 119
593 51
3 32
770 43
508 186
241 16
58 195
219 6
286 28
10 165
391 179
107 118
812 199
603 134
438 75
224 64
645 16
817 47
449 211
241 208
772 83
198 6
527 218
836 62
497 148
128 37
878 134
931 164
210 83
549 124
784 99
237 4
939 180
427 40
991 18
47 164
500 72
646 204
716 7
542 188
31 145
451 133
903 32
597 39
266 22
462 150
621 176
830 61
455 81
650 122
923 174
262 25
997 108
153 187
741 94
924 146
363 200
678 118
108 176
433 223
123 145
