900
100
711 225
474 217
314 36
587 170
571 18
580 143
565 94
339 99
744 195
305 162
306 216
852 187
474 121
506 5
182 79
884 194
4 158
611 169
370 99
265 115
516 219
359 206
287 172
81 55
119 185
768 201
126 144
989 201
366 119
332 75
600 41
495 103
925 107
271 96
5 210
585 148
730 121
953 116
344 33
397 139
769 92
941 46
135 155
196 153
775 53
104 124
743 148
976 117
55 98
312 9
484 23
931 163
895 110
580 141
619 154
404 13
845 220
633 81
274 131
183 23
60 61
774 102
884 199
820 65
699 83
700 32
82 108
395 179
217 126
919 13
654 147
575 73
18 134
829 168
91 213
43 100
1 216
951 136
916 72
525 139
956 99
148 190
206 192
718 25
219 11
962 198
309 113
722 177
446 77
969 112
265 136
686 217
178 14
852 194
462 101
59 118
951 156
159 59
99 51
283 93
863 119
542 96
483 213
849 78
165 218
816 181
180 54
397 185
194 73
803 30
975 138
424 77
419 107
785 17
809 44
186 96
14 52
842 46
990 65
776 156
859 191
286 116
444 57
100 189
281 54
644 180
466 19
883 86
1 45
105 161
438 90
832 77
17 223
299 8
714 124
863 50
17 100
315 212
181 66
801 111
371 221
67 188
214 26
424 191
320 203
727 158
169 158
561 87
582 61
246 95
285 83
571 153
607 135
464 164
2 89
951 24
59 44
912 98
670 87
190 191
566 16
98 9
473 10
623 206
221 68
701 82
328 46
509 211
508 147
425 86
588 77
937 198
96 148
622 17
886 12
457 3
727 157
536 27
268 210
957 63
378 134
696 30
632 31
990 14
528 216
351 67
493 87
464 15
486 161
56 173
897 64
525 25
770 13
878 213
922 110
877 49
195 73
355 76
128 145
316 107
110 67
825 29
305 39
893 93
726 125
865 24
164 215
300 183
802 203
322 223
364 99
374 208
123 3
384 100
424 26
609 109
717 33
839 124
73 59
516 200
383 30
123 146
121 98
831 124
952 152
349 40
350 47
872 22
449 132
74 23
658 34
758 76
818 198
99 68
31 16
392 214
698 92
311 168
641 116
444 142
293 67
906 119
513 29
818 213
88 193
537 145
276 19
822 170
242 73
687 22
238 106
37 185
297 23
105 212
488 125
528 7
691 135
478 130
913 197
867 150
889 179
96 216
49 168
312 67
190 224
266 154
429 202
66 127
1 172
13 189
421 67
972 36
28 26
665 190
447 108
292 160
286 114
202 85
8 189
328 122
864 118
328 169
895 43
720 145
914 9
735 59
975 9
796 102
859 137
293 83
694 111
344 132
27 46
18 159
411 20
583 74
938 210
917 7
654 86
78 67
71 190
252 47
223 97
398 58
210 92
90 78
330 209
234 133
331 26
741 141
596 225
14 183
584 57
716 62
269 45
155 114
309 131
735 206
804 134
316 113
877 5
268 81
190 1
913 120
104 106
260 176
680 75
935 141
906 27
204 151
146 209
864 80
116 25
337 47
433 202
284 210
409 176
867 73
404 157
470 82
489 106
909 193
706 43
135 138
844 189
489 139
49 154
795 216
654 209
787 163
487 196
99 45
973 143
845 28
449 189
586 162
746 19
456 76
336 168
766 181
633 156
872 181
661 191
548 89
149 35
104 186
757 52
882 81
519 53
809 94
743 44
607 189
240 90
291 2
357 131
458 214
13 104
21 24
346 218
339 122
902 17
834 135
644 190
91 89
145 99
833 137
644 39
375 135
205 191
162 211
73 146
901 36
299 21
111 196
841 49
842 92
891 225
104 186
742 44
399 86
444 6
772 162
22 149
674 51
516 35
139 88
805 114
25 30
312 60
802 27
936 144
245 1
318 223
711 159
541 9
944 9
692 68
423 215
566 121
642 156
930 180
20 161
171 72
892 82
883 68
633 118
336 52
643 181
225 130
416 142
166 185
101 84
779 148
273 69
970 216
776 76
398 172
336 118
543 79
401 28
271 133
595 184
261 90
316 112
646 131
954 11
442 6
19 220
280 218
915 74
261 217
499 33
189 211
577 8
764 2
860 209
9 180
344 196
396 184
458 141
390 163
204 58
168 124
403 147
217 219
47 152
711 195
486 149
730 212
981 18
38 191
878 173
647 99
370 119
232 52
434 198
941 64
156 35
563 135
258 79
578 54
607 113
848 67
186 29
505 19
773 92
711 203
291 59
576 60
102 184
839 37
484 204
876 14
591 63
548 73
568 102
152 24
765 201
617 77
632 73
172 154
14 182
758 81
590 33
315 191
844 78
930 27
284 155
965 174
242 14
721 184
692 199
334 156
927 2
110 58
774 206
313 12
515 221
442 4
403 58
147 123
261 76
924 19
232 188
769 48
103 91
633 195
65 91
602 66
267 63
900 165
344 212
178 85
282 146
313 62
78 161
634 165
238 108
585 119
797 28
293 202
194 50
398 10
890 174
600 58
414 24
899 107
62 51
966 44
398 105
732 1
793 167
165 155
274 175
851 223
454 93
674 147
68 23
256 109
773 57
817 86
57 215
294 194
143 36
814 115
241 220
367 60
261 107
766 37
633 141
661 136
759 111
85 203
108 40
486 155
899 79
66 55
721 34
425 40
970 138
754 37
134 96
946 172
4 188
985 188
679 120
73 112
330 34
966 137
201 1
316 49
457 133
405 79
92 5
743 63
67 98
326 153
968 73
299 48
685 185
310 138
279 160
151 135
243 216
396 93
919 163
893 2
796 123
255 64
127 197
651 95
844 103
97 89
950 172
486 209
381 198
997 36
234 24
970 203
967 42
623 110
132 90
611 102
812 190
517 113
213 169
835 56
846 56
219 220
30 107
428 12
556 151
773 141
627 44
968 68
163 15
477 169
105 114
220 143
655 88
206 117
606 65
274 76
322 195
597 1
253 99
465 33
152 164
300 78
682 117
370 119
857 148
489 63
988 158
580 44
147 62
212 102
528 210
554 177
329 125
904 133
526 68
740 179
956 164
158 40
658 2
185 66
76 99
530 115
733 159
408 155
598 144
983 52
103 87
678 134
38 7
716 140
949 33
943 132
198 175
246 182
978 155
72 30
103 201
819 163
62 76
67 9
844 174
487 174
937 115
82 125
746 174
241 21
956 184
654 56
635 149
712 188
681 34
17 210
736 136
322 22
413 65
807 32
789 194
555 152
810 113
403 30
136 194
952 94
179 81
949 163
856 212
777 13
147 221
23 133
333 196
31 220
436 115
353 101
483 57
4 217
894 182
198 57
402 1
825 180
106 125
744 189
136 173
201 183
18 198
517 177
271 122
798 83
736 76
985 145
409 88
213 128
746 35
36 72
911 212
78 168
336 74
681 48
46 107
457 15
456 198
116 126
872 188
135 209
415 44
881 49
107 143
478 2
855 13
351 92
724 203
836 161
601 217
233 123
750 40
412 55
14 154
283 210
144 94
196 33
888 201
733 96
520 135
197 174
74 222
842 197
327 178
207 129
194 167
277 145
481 215
499 96
919 33
83 139
902 153
971 91
705 131
486 124
265 57
950 14
581 216
487 184
468 221
537 111
837 165
307 194
205 56
514 73
290 23
888 93
225 208
683 181
265 195
505 205
554 204
220 184
244 81
744 189
103 107
76 64
797 208
959 201
540 200
475 4
772 137
724 224
571 158
981 111
278 85
717 206
290 186
316 136
993 11
949 221
42 224
386 163
758 195
190 122
521 116
478 44
729 101
344 25
958 100
487 212
809 155
417 126
490 9
688 34
494 13
929 136
363 140
725 96
11 142
417 208
282 169
526 111
446 120
662 129
194 200
342 4
54 186
156 18
194 43
376 40
830 132
575 118
323 126
313 85
917 31
567 126
975 92
561 70
313 24
175 31
73 19
212 126
979 42
20 224
210 72
563 191
403 39
935 127
140 174
761 33
680 52
958 179
771 220
425 8
443 152
941 15
820 177
992 148
870 213
321 181
110 184
174 89
372 108
941 213
707 28
271 36
380 178
391 102
450 167
936 17
118 26
759 37
379 50
86 126
465 209
31 149
994 54
789 215
664 54
580 45
782 50
