900
100
773 160
862 23
259 186
550 43
208 50
111 194
618 187
283 114
277 111
360 5
544 212
520 159
186 77
187 167
908 81
480 57
568 142
705 126
304 56
218 189
432 181
507 149
842 66
987 20
828 196
950 96
282 196
379 144
447 93
385 181
998 65
738 15
558 92
743 13
399 187
76 131
344 184
879 110
426 91
7 79
211 206
976 70
128 30
663 102
624 73
632 173
264 121
890 221
162 34
33 186
647 36
743 16
394 196
175 70
486 81
73 174
488 148
893 116
754 5
542 4
954 100
702 92
246 18
389 34
926 199
671 97
234 188
914 54
34 116
798 46
621 97
919 136
622 63
428 127
718 121
456 23
845 134
240 42
803 28
201 28
753 173
651 61
636 115
317 121
5 64
891 27
336 212
789 59
324 66
35 168
888 142
416 8
702 80
526 79
634 176
583 39
949 161
76 86
150 92
956 106
506 146
834 143
7 173
853 8
190 212
75 78
81 140
162 57
496 12
638 32
765 120
220 190
805 220
1000 156
39 82
811 69
152 47
88 186
971 65
193 110
178 194
589 58
109 150
392 206
789 129
437 3
600 133
969 130
655 68
710 93
274 148
588 202
221 77
639 66
318 8
702 70
802 16
105 137
392 173
217 32
228 181
436 202
13 104
231 94
723 218
711 198
517 225
125 212
676 215
927 43
298 53
840 199
270 171
712 164
143 53
545 20
933 56
196 148
384 154
316 157
423 29
806 164
380 130
675 156
397 28
400 169
932 16
144 27
886 130
567 78
134 211
749 69
91 197
716 27
75 58
285 149
113 190
787 218
372 63
900 93
765 51
813 221
242 108
249 27
514 90
507 72
278 132
65 220
903 182
546 54
867 82
177 31
272 115
175 20
127 101
762 93
77 26
939 45
233 214
148 23
706 106
744 85
613 61
54 115
644 152
196 187
133 24
193 106
39 119
102 90
145 115
408 198
140 98
594 99
588 191
821 95
747 42
979 136
429 85
577 222
688 72
934 122
496 3
928 61
548 6
402 219
596 211
616 35
210 86
811 100
654 81
794 175
899 200
110 102
861 213
399 173
810 109
719 207
513 123
542 110
379 70
104 24
456 121
60 190
632 70
814 137
853 85
36 151
436 222
78 221
534 178
195 95
863 115
351 50
263 169
786 193
891 89
318 121
312 204
362 70
599 28
931 78
487 118
905 49
166 134
921 201
161 90
746 25
379 198
749 43
44 60
337 34
775 156
279 63
735 117
732 10
519 164
487 82
331 141
630 221
725 225
547 187
16 94
612 172
91 112
91 86
598 103
419 25
433 99
162 219
41 46
203 186
259 141
268 40
784 224
437 210
151 58
448 191
626 209
264 44
123 5
554 145
782 23
444 191
373 83
437 163
203 14
324 111
32 218
50 90
191 12
674 93
821 71
859 99
532 74
219 81
828 97
725 11
96 221
879 119
478 40
233 205
305 58
492 86
850 67
150 93
380 75
85 77
648 70
702 131
121 195
536 48
692 210
261 64
132 139
607 161
453 117
640 109
99 109
445 51
25 196
45 131
121 206
659 70
128 36
650 73
280 185
195 123
796 57
462 28
945 195
240 199
611 207
858 87
715 52
714 91
599 210
846 119
590 81
190 119
216 214
316 173
23 138
170 221
669 83
450 216
403 89
714 190
920 46
426 159
224 66
724 223
600 71
893 67
777 183
610 94
273 151
543 223
140 215
818 83
47 67
773 176
307 89
166 52
761 18
212 110
434 61
159 185
208 101
926 109
485 38
680 108
813 122
405 129
638 149
463 10
192 163
485 23
426 152
76 211
945 163
522 80
575 80
466 7
83 117
118 117
279 197
676 168
370 207
98 83
5 160
44 223
147 155
46 174
882 198
462 78
760 133
259 184
663 74
116 47
115 185
15 170
733 41
539 127
474 61
461 31
548 6
378 144
736 100
970 69
248 131
146 207
413 129
693 77
127 10
523 219
744 165
690 176
580 206
929 105
216 217
235 88
597 215
809 209
739 203
652 161
560 197
345 197
552 187
751 129
548 50
624 43
514 163
118 20
245 173
850 11
491 86
575 213
400 35
771 164
512 23
124 223
571 120
395 198
208 122
153 155
121 101
397 160
440 16
79 60
616 78
497 6
364 46
545 13
806 68
253 144
442 102
92 187
548 163
134 181
334 138
862 4
413 134
440 155
476 169
889 43
798 162
549 63
807 145
276 114
112 78
985 128
256 53
917 106
617 127
911 152
40 222
107 52
382 197
8 210
65 73
652 39
984 127
727 43
997 177
458 85
881 67
13 139
221 129
644 212
682 131
138 121
29 120
173 136
143 32
620 57
780 198
772 113
175 23
905 146
851 138
982 107
156 44
572 202
274 142
213 81
472 153
28 225
299 200
262 16
84 133
999 163
856 45
625 205
268 205
552 93
244 8
201 199
879 149
775 154
690 190
811 163
42 89
365 215
390 176
132 173
859 180
335 189
899 160
95 118
841 223
636 134
530 63
834 160
312 109
264 103
300 201
866 16
264 30
32 179
207 113
126 167
644 63
482 117
772 176
60 14
925 47
47 57
234 80
566 147
840 131
250 139
607 117
831 170
48 89
875 56
728 128
23 146
165 179
265 13
432 151
251 181
74 172
162 132
528 55
556 145
260 182
210 118
975 91
440 97
606 64
627 34
18 149
56 207
505 95
469 111
995 19
643 43
367 182
727 147
588 159
966 74
790 175
417 14
567 81
137 98
521 140
506 41
764 136
72 45
233 68
907 129
611 151
999 155
57 52
576 169
710 193
843 151
419 36
966 61
818 152
158 190
216 115
580 181
927 27
302 134
544 33
90 6
109 88
835 117
164 62
513 175
654 130
75 223
317 142
410 159
493 94
823 185
933 128
743 111
406 19
370 74
604 161
806 114
898 118
580 213
754 169
637 35
150 88
184 116
454 193
599 123
511 172
357 43
176 101
5 106
847 224
881 102
184 136
865 8
30 46
845 34
240 156
895 114
543 203
855 21
670 105
645 57
226 52
326 3
804 130
333 150
704 165
451 114
603 67
24 207
463 168
415 154
701 186
794 220
738 98
943 107
805 37
290 80
940 140
135 119
945 69
745 225
384 173
590 136
214 113
617 178
833 184
433 33
44 27
127 134
226 94
892 205
8 57
412 97
796 21
690 15
364 137
739 149
334 6
84 149
293 3
279 225
788 86
9 156
289 111
964 115
556 183
896 213
389 32
510 209
204 126
276 20
337 116
18 172
46 2
921 14
154 76
815 68
261 149
123 100
311 114
416 116
646 186
781 136
618 67
569 148
192 221
92 56
562 110
254 7
211 201
297 166
76 189
8 39
639 57
238 24
272 178
166 119
315 121
654 182
939 200
105 33
770 46
363 133
657 141
642 144
494 90
934 219
753 143
257 216
127 221
691 75
850 32
19 190
154 49
448 218
598 77
575 45
100 164
402 156
256 195
327 74
685 210
318 112
905 151
180 33
772 220
132 146
78 127
137 57
526 135
324 25
136 125
194 212
538 73
695 20
694 96
894 153
632 213
167 138
488 21
270 111
567 104
584 145
255 20
228 180
304 128
607 192
152 100
730 141
99 199
185 93
796 28
522 80
640 163
667 205
385 214
90 77
42 173
948 148
745 75
780 173
77 186
839 55
537 144
620 111
344 129
780 65
234 101
271 50
341 14
704 100
577 171
28 145
170 102
970 189
501 49
962 204
134 102
860 120
72 54
657 16
635 86
907 218
89 102
444 104
465 123
153 169
645 33
715 64
859 34
80 137
432 216
992 90
544 27
587 216
682 93
31 141
31 189
535 19
817 54
899 58
478 203
26 174
935 141
639 144
424 143
857 83
110 48
772 104
699 208
269 33
953 151
48 133
291 185
453 57
265 151
739 119
753 167
567 138
209 130
833 82
275 214
191 59
888 163
37 214
672 82
671 99
659 193
958 224
4 35
55 95
760 221
713 88
262 106
552 70
188 211
453 162
424 194
845 61
958 209
249 206
890 121
957 176
989 189
849 119
324 56
964 10
401 28
299 39
659 200
835 196
585 137
659 210
