700
100
812 128
526 70
107 49
446 23
824 106
695 51
806 43
778 96
822 85
927 73
912 110
775 142
909 20
523 26
476 52
463 115
954 88
811 62
686 56
312 160
613 31
387 45
525 165
66 121
274 92
420 37
753 145
728 11
266 50
663 43
77 75
84 82
112 119
146 123
501 7
659 113
814 72
235 63
561 100
35 112
643 154
723 171
1000 128
56 42
52 19
710 80
195 20
862 57
39 107
456 91
815 64
4 80
862 163
317 173
889 103
961 33
156 35
630 158
837 11
124 141
756 85
720 52
330 8
608 45
939 65
610 5
880 140
84 42
554 27
516 167
806 101
677 164
862 6
821 99
343 169
939 150
481 85
752 160
943 134
529 8
126 140
690 105
455 73
746 33
877 161
802 159
88 3
347 175
783 117
1000 1
463 115
575 143
299 153
104 93
389 132
826 89
473 90
518 2
639 164
287 17
876 13
901 14
565 147
265 174
766 64
176 153
905 103
522 155
780 25
148 168
608 150
681 30
839 76
359 4
814 20
696 14
732 21
4 23
194 168
346 11
883 149
538 164
976 61
694 132
35 18
275 19
517 7
74 32
209 34
535 122
428 32
63 84
177 93
158 173
38 80
33 72
728 148
411 105
333 6
162 95
648 163
713 166
446 138
222 30
921 33
676 25
690 65
210 93
860 167
292 22
222 75
168 124
599 153
356 33
385 92
2 134
304 42
899 49
204 122
403 152
932 31
176 21
872 86
190 31
104 157
979 125
158 122
626 56
76 81
38 36
849 17
844 52
458 95
252 38
918 155
489 149
437 167
821 58
754 38
391 107
844 94
534 51
515 61
108 93
843 170
403 91
536 98
842 45
44 43
358 164
99 73
162 160
566 85
195 94
697 62
528 117
305 13
244 172
923 51
114 167
847 18
807 10
817 25
79 86
444 113
174 20
986 12
781 51
373 175
222 171
911 101
312 18
513 57
739 162
609 79
903 106
71 59
542 164
60 122
451 103
760 101
397 47
663 103
999 162
504 172
808 117
672 71
334 11
378 124
322 36
627 126
793 99
284 11
287 45
658 138
198 169
713 71
865 152
475 90
466 54
787 98
97 160
95 105
346 74
205 167
162 56
243 29
231 103
640 19
925 149
606 74
417 21
419 6
749 119
847 89
224 158
838 120
443 133
101 115
108 55
158 94
487 2
575 42
982 139
585 31
862 18
379 55
565 72
910 163
42 131
879 117
741 18
288 35
352 63
674 135
44 33
728 5
935 152
246 116
867 83
821 5
725 51
709 114
699 95
953 91
78 108
709 118
251 47
704 77
736 79
61 5
911 66
661 145
794 9
112 111
441 32
92 15
834 151
805 158
122 159
625 74
292 58
368 19
681 98
495 167
151 108
548 112
400 133
258 168
466 120
205 33
653 149
774 12
801 105
19 147
39 43
473 157
327 15
927 158
263 48
776 90
32 75
178 106
234 61
976 127
157 132
309 109
180 8
647 30
12 67
902 2
11 24
435 163
565 111
697 104
134 49
944 115
498 21
948 131
908 98
782 39
806 43
225 136
525 23
965 138
240 143
290 152
943 76
291 135
437 39
38 147
162 58
438 34
806 85
742 113
659 25
129 15
317 55
450 116
927 116
729 143
336 20
120 28
445 37
137 83
101 27
154 162
859 94
273 139
328 139
729 139
888 159
803 55
913 104
397 91
721 27
709 81
198 155
686 95
293 49
227 68
700 33
7 136
676 29
926 105
644 106
693 108
214 22
439 103
802 88
669 123
664 54
930 114
908 90
208 2
789 11
945 15
518 101
750 145
581 28
252 51
33 96
458 47
143 99
724 44
436 144
466 124
472 171
312 54
362 71
931 2
657 102
342 101
529 143
71 109
470 99
36 128
969 118
101 136
741 101
407 51
920 124
627 91
971 15
122 158
161 154
834 167
630 152
342 60
970 139
970 91
437 105
645 81
849 170
868 65
273 151
117 142
850 45
934 20
385 155
504 145
458 138
713 14
216 29
300 12
170 19
328 31
273 122
363 147
69 83
63 166
208 81
884 134
626 142
229 10
224 132
906 33
421 68
472 162
23 96
525 42
392 77
150 39
176 114
137 94
798 151
936 33
82 146
766 159
987 144
420 35
78 100
243 125
294 91
838 18
188 63
212 79
214 63
595 139
928 58
984 151
634 71
83 90
441 150
773 153
194 42
989 173
868 33
472 63
1000 12
180 88
24 116
118 14
103 39
978 156
147 163
108 130
584 92
846 99
741 70
803 161
513 19
260 30
726 82
244 128
393 148
265 143
166 159
356 68
798 110
650 96
998 109
75 156
650 47
956 68
241 109
28 28
254 13
484 154
371 102
56 140
501 122
882 116
758 87
286 82
922 162
202 96
396 28
203 97
899 108
139 166
268 42
595 121
806 28
852 78
156 159
642 156
283 125
674 165
111 59
298 34
245 49
6 140
126 158
389 126
366 27
866 85
45 110
858 75
889 61
729 21
319 170
403 126
244 51
992 132
34 139
442 131
139 73
622 41
655 110
991 122
537 83
709 6
19 16
783 84
626 163
654 96
233 82
249 78
132 92
886 43
881 153
500 21
127 46
987 58
483 29
505 71
537 165
303 82
482 110
166 34
300 94
754 57
227 129
711 86
946 122
580 78
276 79
548 79
551 159
886 58
863 140
403 101
306 6
657 87
142 172
245 166
993 74
324 21
704 112
281 49
335 35
826 110
290 49
363 168
259 148
225 21
990 155
223 172
37 105
434 30
53 28
323 145
28 173
968 82
384 73
732 143
460 58
679 151
283 66
293 91
641 170
662 82
201 34
628 87
115 161
118 18
91 90
564 68
790 106
201 173
131 58
891 65
490 19
690 174
962 160
664 54
204 2
935 104
913 14
992 127
975 61
546 142
253 85
886 17
992 137
214 147
371 131
711 87
377 53
335 13
439 173
291 167
675 2
397 12
490 40
965 166
552 61
232 29
972 120
197 113
556 13
85 53
218 97
489 94
251 48
283 139
172 125
682 21
501 155
784 118
521 101
158 73
611 42
228 107
211 100
544 43
187 105
395 56
127 58
702 152
57 34
418 103
909 24
426 86
881 86
103 151
661 113
825 171
354 103
204 116
829 100
385 92
79 54
122 32
13 98
286 169
159 78
648 92
153 173
