700
100
930 140
761 82
692 32
609 44
935 111
252 131
453 64
8 5
849 135
836 63
375 36
957 118
629 168
523 129
528 57
731 134
624 68
790 40
749 75
560 159
612 86
689 117
600 48
898 75
257 83
839 83
171 120
502 124
87 50
828 91
908 85
774 58
752 65
549 53
16 133
536 79
271 126
395 147
975 94
373 133
377 136
566 97
5 42
345 168
443 122
760 151
433 85
233 160
151 107
37 66
241 49
496 38
851 118
84 102
886 31
759 37
666 99
808 47
743 155
816 10
28 75
535 86
459 170
997 109
253 83
126 95
308 97
708 60
216 141
686 51
599 21
715 116
120 174
638 62
378 155
398 56
380 33
218 15
404 164
151 81
598 53
852 155
601 109
766 141
350 153
269 48
598 58
563 117
856 127
930 34
357 5
991 138
964 8
629 17
421 31
374 20
759 50
626 34
784 166
527 35
193 145
784 140
777 23
859 59
602 15
569 35
819 134
397 9
118 102
500 90
508 75
259 18
450 84
328 85
274 4
421 18
1000 131
960 128
253 18
112 104
309 80
163 5
591 111
613 133
640 15
598 147
689 156
764 15
740 16
426 115
297 171
183 121
401 92
776 81
311 62
859 71
918 124
450 133
636 65
216 50
879 138
773 144
668 161
409 159
979 59
124 127
32 56
922 157
799 122
437 34
935 48
79 103
373 156
360 8
647 127
283 77
739 32
795 9
943 28
517 148
389 90
899 95
945 147
203 93
221 115
203 32
287 9
359 134
866 171
18 162
997 152
388 36
59 84
846 3
89 12
625 152
2 50
248 48
398 100
393 68
89 45
477 2
580 35
737 170
257 32
308 129
758 172
341 16
581 161
520 169
899 121
145 75
722 17
198 145
193 65
89 132
536 90
360 116
752 24
912 108
555 22
613 62
618 155
480 98
842 26
866 91
847 37
640 118
105 89
687 123
130 101
931 41
692 165
133 93
90 21
451 44
967 63
308 60
720 137
134 136
137 27
301 110
713 18
903 70
481 116
467 38
68 49
980 10
390 12
202 5
859 104
123 28
419 130
762 163
568 22
698 32
598 151
391 88
995 170
832 75
938 150
789 105
398 143
116 37
231 170
618 140
25 66
267 43
522 55
580 65
626 130
498 101
332 15
238 51
885 169
152 74
70 16
178 142
708 71
605 114
315 173
380 116
315 46
134 36
377 165
277 152
46 149
577 2
14 66
54 150
234 131
423 3
498 27
121 105
949 101
495 115
300 74
306 114
871 39
449 172
855 51
601 101
851 4
629 141
695 108
817 105
888 116
935 162
543 30
941 18
132 88
458 158
661 13
396 59
553 70
130 32
922 157
307 74
611 36
692 32
618 108
936 7
99 22
593 168
629 60
835 135
672 142
543 110
406 15
568 158
486 24
365 134
131 123
883 143
958 49
101 102
433 111
135 6
610 77
875 138
964 137
349 62
705 168
671 36
533 140
420 68
991 9
777 123
807 36
565 91
936 65
395 18
52 79
251 86
608 127
250 71
538 99
557 168
841 105
705 75
521 174
95 11
260 146
983 93
233 24
533 20
563 2
887 42
456 14
979 15
318 129
985 30
179 18
449 119
824 155
96 145
629 115
207 138
412 67
305 21
440 39
515 155
468 53
321 75
242 124
689 161
879 150
765 82
917 166
428 68
70 173
789 123
64 145
937 150
536 93
470 103
134 34
682 126
736 79
875 129
4 113
239 58
587 106
291 55
273 118
299 42
592 112
392 157
434 5
833 71
273 102
648 8
637 79
358 175
682 134
405 161
498 21
920 111
703 135
642 175
280 66
316 123
27 7
230 60
739 37
133 63
716 105
120 29
109 4
780 142
412 110
179 161
532 123
696 34
660 39
208 114
629 50
513 83
934 142
819 22
156 51
34 73
731 153
926 141
333 106
684 94
242 13
356 100
312 128
358 171
91 142
261 95
791 124
79 49
515 97
747 47
848 130
244 105
284 22
472 41
227 130
711 120
369 166
296 56
820 130
651 86
921 137
982 88
685 135
139 151
956 160
573 5
17 118
436 175
689 132
268 67
414 105
438 7
748 8
462 167
737 113
477 57
376 35
72 112
869 60
962 27
94 86
331 135
54 94
762 144
25 106
361 113
62 23
220 84
531 158
728 144
497 106
628 122
366 124
283 134
908 122
410 28
834 168
463 14
211 76
333 112
308 170
25 169
842 146
530 24
628 107
695 2
164 147
348 154
20 158
115 79
931 51
631 89
968 70
355 105
20 62
117 104
731 68
48 49
440 129
1000 119
537 19
895 50
15 45
229 61
577 95
664 84
570 69
622 165
739 76
419 85
14 112
789 146
379 88
20 170
116 46
589 77
64 35
703 30
429 108
815 82
977 30
215 172
123 139
436 38
516 56
323 130
93 113
977 148
2 96
993 19
366 58
472 6
767 174
210 171
457 101
552 133
205 67
331 53
307 68
892 22
324 14
703 93
28 30
590 104
675 9
497 68
866 18
173 158
494 85
828 100
110 31
734 140
849 140
994 80
182 60
977 132
451 54
624 130
358 91
859 10
499 157
129 142
27 103
349 145
739 78
821 174
610 79
515 159
618 108
613 52
744 141
8 171
972 34
376 56
901 161
417 24
292 72
115 95
550 90
541 163
342 86
488 77
915 77
762 32
861 76
683 130
19 68
150 15
378 75
22 3
110 66
28 4
687 168
775 136
309 116
876 28
676 63
306 15
717 117
474 102
144 106
533 12
550 158
503 52
559 50
556 71
667 34
126 53
78 125
941 61
215 91
388 91
530 145
480 71
111 128
823 57
461 30
768 162
389 71
641 23
147 46
320 13
779 120
517 81
344 32
242 111
272 31
801 54
26 107
399 63
937 121
94 72
928 164
110 116
836 50
615 132
946 9
146 174
378 162
932 174
471 23
984 94
505 111
247 7
767 96
722 78
218 142
451 145
380 161
461 165
310 25
548 107
361 43
683 115
707 139
163 2
138 23
270 167
985 44
876 152
514 22
806 156
763 134
228 118
169 13
709 130
114 7
789 1
301 121
916 9
84 30
535 46
280 82
214 139
25 164
367 65
37 123
972 150
133 124
294 1
238 152
482 104
610 145
529 161
740 44
269 150
874 156
747 103
664 11
768 140
401 135
929 138
659 27
237 116
