700
100
761 125
142 71
554 115
663 169
336 21
322 17
552 27
412 153
846 110
443 3
132 116
268 145
540 140
95 161
819 150
537 79
49 5
924 129
19 164
122 54
784 120
496 36
498 9
463 118
320 83
797 53
750 141
797 90
655 18
475 123
542 13
51 67
393 152
895 113
265 118
469 148
162 16
735 161
574 150
353 118
807 1
695 56
916 168
197 70
86 174
394 154
738 172
921 5
123 65
245 112
535 63
786 46
28 46
59 101
422 88
845 53
264 166
135 31
85 32
101 145
707 71
149 169
642 169
926 39
235 70
502 19
882 13
817 34
160 50
861 31
637 130
160 27
947 144
783 56
977 135
201 158
80 126
479 97
121 104
837 107
573 64
476 106
978 144
714 64
870 51
69 131
630 153
110 101
873 17
958 75
126 158
884 157
210 162
630 5
117 167
389 41
157 16
846 61
859 86
974 153
836 19
585 117
621 44
744 93
937 152
694 164
211 3
971 21
291 25
102 33
418 90
448 24
705 21
411 65
556 9
994 67
777 104
560 174
624 4
594 138
5 37
326 90
216 96
987 157
896 66
266 113
282 40
239 39
710 174
253 166
385 122
9 163
177 18
262 127
871 32
64 152
845 17
794 61
37 130
919 34
572 161
597 129
600 62
192 85
187 71
927 21
42 85
436 20
854 124
74 77
255 14
303 24
230 73
511 119
228 56
902 1
316 100
4 66
36 97
225 175
343 3
145 161
437 157
306 142
980 129
718 61
219 73
685 149
820 122
67 149
328 45
550 43
170 80
910 107
452 59
131 169
636 103
529 124
559 136
66 14
916 110
476 10
507 135
583 129
59 51
77 38
320 53
380 41
883 142
398 134
775 78
479 63
155 82
538 89
545 55
604 85
442 129
594 148
591 53
978 101
880 157
738 175
384 19
392 143
110 164
303 162
317 6
351 48
140 165
888 84
195 168
143 11
274 64
935 164
616 15
216 21
671 28
47 29
773 13
24 8
227 51
119 45
107 171
69 98
60 7
633 29
799 150
241 97
215 128
287 131
792 104
678 137
806 101
867 154
513 115
813 91
568 108
337 1
103 6
623 87
714 57
768 162
381 85
936 23
887 99
778 155
428 82
843 135
882 37
515 96
303 52
189 95
609 100
895 63
282 169
225 70
475 44
859 58
703 71
155 142
71 34
323 173
442 16
83 75
579 47
420 156
276 135
103 59
837 124
299 95
570 73
465 121
866 175
603 45
172 59
213 17
744 86
92 137
53 124
211 106
122 8
863 24
942 92
985 155
666 158
600 112
805 41
982 147
442 37
293 63
397 156
854 118
393 70
29 120
470 92
427 119
574 66
44 42
958 3
349 175
310 73
561 16
363 144
839 129
830 109
768 54
341 71
71 108
918 51
529 89
42 55
34 42
947 128
834 56
105 59
230 92
481 142
584 45
388 48
998 69
258 165
147 23
737 94
330 131
20 158
97 111
164 30
28 87
559 38
718 89
746 174
782 28
793 65
772 30
139 46
100 46
237 22
345 25
815 174
331 61
883 154
247 123
908 126
860 142
190 2
482 37
227 165
216 94
331 112
550 120
459 175
217 145
248 12
19 89
587 126
600 97
831 123
219 89
175 78
557 166
6 40
354 33
356 44
603 36
555 28
507 90
154 99
59 1
637 29
814 50
482 40
396 37
314 15
50 13
44 133
555 125
699 158
634 154
476 61
740 157
740 146
746 68
321 129
645 109
585 134
884 91
575 129
377 114
245 54
728 14
88 83
690 137
190 73
192 68
910 83
399 175
529 97
542 76
300 112
510 161
997 145
301 173
375 28
811 172
808 16
260 45
173 101
681 139
623 75
731 107
507 57
181 12
978 150
588 4
261 74
865 109
545 42
531 94
194 19
242 126
584 76
248 108
801 153
821 150
504 79
659 11
737 164
397 89
265 86
694 2
136 35
485 155
427 18
951 122
61 117
973 46
45 22
103 147
499 25
972 28
530 5
365 16
820 36
331 62
97 150
313 82
286 150
264 62
517 89
684 27
757 58
572 1
579 26
998 54
300 71
783 130
950 72
447 21
260 28
557 8
154 145
291 139
371 104
503 87
119 163
815 1
545 138
676 100
763 125
903 14
345 13
243 71
536 67
767 145
819 150
502 49
896 43
114 16
346 143
152 117
505 168
692 151
55 94
875 117
744 30
231 63
167 75
734 102
866 27
849 36
526 25
711 74
494 27
39 167
144 168
8 124
860 49
49 115
417 151
83 162
405 140
952 23
490 160
976 157
888 149
95 140
526 55
538 171
333 127
562 52
119 71
477 80
619 52
244 63
152 52
251 31
991 52
830 32
238 131
891 175
981 160
890 33
141 154
581 74
355 167
302 25
415 78
155 135
654 100
772 156
428 25
713 121
576 170
602 89
52 119
938 159
828 29
594 96
958 174
146 89
315 72
841 6
224 20
466 79
96 139
386 49
963 1
294 64
345 122
352 73
91 41
131 145
172 49
590 31
897 35
144 14
533 34
644 33
330 159
337 126
698 124
949 87
524 167
550 95
840 103
967 155
894 25
200 167
173 166
897 97
228 140
337 85
376 105
220 157
441 8
482 165
981 82
501 80
375 51
76 140
655 120
144 75
844 45
316 18
188 87
789 15
604 25
526 156
457 147
387 149
4 69
738 110
2 15
841 2
992 118
591 172
662 61
546 30
781 137
873 95
425 138
86 30
138 138
710 71
60 147
194 88
317 158
399 143
872 164
46 39
507 86
510 145
722 105
25 54
268 24
173 68
261 58
72 125
220 84
695 129
582 40
694 25
522 17
567 171
683 90
609 66
600 68
60 123
524 11
526 17
684 148
836 172
307 134
46 4
392 118
509 73
332 127
222 156
646 66
951 103
105 161
220 131
380 4
729 3
715 79
46 25
304 33
46 12
492 142
840 10
536 124
560 19
902 133
424 172
625 126
226 131
636 45
137 140
76 165
270 40
470 115
539 50
900 85
87 116
28 53
977 88
978 161
781 7
669 82
778 95
282 56
726 120
800 137
636 102
78 5
16 124
572 7
24 46
843 37
213 72
739 64
784 44
77 66
300 122
824 29
741 156
784 91
727 161
327 137
162 131
267 30
655 40
436 78
660 80
491 47
851 156
412 111
649 113
253 73
584 102
