700
100
187 124
554 112
268 8
915 92
16 61
839 152
319 38
583 141
582 73
310 14
569 14
255 9
204 23
641 119
932 52
737 45
550 18
481 170
402 172
161 43
732 26
521 52
663 53
820 70
950 154
183 45
918 64
679 71
539 19
217 122
23 80
291 47
947 146
93 76
869 81
118 1
956 90
2 146
92 46
567 68
950 76
263 169
890 143
339 5
963 32
601 10
212 116
909 10
13 28
210 6
958 4
833 16
20 35
236 13
7 2
856 58
902 170
526 18
114 92
922 76
475 124
61 36
116 96
548 103
673 84
361 56
140 45
248 134
731 33
622 113
636 29
397 87
298 175
32 136
843 103
838 167
827 75
3 92
570 27
422 95
10 59
577 174
678 174
660 136
306 58
498 41
461 21
829 85
520 10
520 87
165 34
679 118
959 83
636 80
934 159
474 20
894 125
796 122
225 105
684 130
87 131
822 49
426 53
8 148
214 154
659 105
587 114
424 120
721 35
777 106
820 175
653 14
652 98
637 26
902 170
758 165
852 104
238 54
933 170
926 172
123 62
228 136
625 102
606 173
711 59
55 107
983 7
595 159
154 56
862 107
902 119
746 128
549 110
382 157
579 9
980 53
595 32
114 47
210 71
269 47
804 100
154 163
382 98
124 12
331 110
294 134
603 16
337 76
726 70
984 31
728 140
709 125
874 74
246 83
596 16
355 74
540 108
536 23
607 161
160 114
995 153
873 124
843 136
100 118
630 35
224 84
750 34
383 125
457 5
57 52
197 138
802 112
622 139
361 54
700 145
869 21
324 18
995 69
5 146
86 136
880 136
695 156
296 54
955 54
761 114
507 32
126 160
45 123
349 56
328 50
277 98
445 101
641 16
119 70
236 156
631 143
569 52
800 41
457 30
320 117
470 1
174 20
838 70
342 86
975 96
937 104
569 158
204 111
524 174
557 159
581 12
578 49
215 28
717 122
132 161
240 1
213 13
547 100
983 116
587 9
261 98
912 31
256 117
741 79
140 100
889 48
188 142
573 128
196 139
426 27
676 90
279 64
430 152
290 162
417 127
72 105
751 84
210 83
802 78
488 94
952 2
366 89
195 38
893 90
579 68
68 79
983 73
142 62
874 84
175 141
12 171
672 37
581 158
120 58
535 82
676 38
335 93
329 4
330 121
270 108
891 139
162 125
386 130
988 62
790 12
254 26
759 50
563 17
157 7
426 69
640 3
881 125
845 34
855 26
782 152
434 122
165 122
248 128
953 35
514 68
748 17
543 158
43 132
549 74
490 49
242 5
778 50
456 122
35 12
148 168
138 83
191 80
231 138
557 58
672 22
277 19
540 172
277 57
628 152
132 68
503 74
247 30
200 154
902 159
715 101
402 130
333 67
859 13
30 42
97 3
188 149
824 77
897 175
660 74
628 41
641 130
516 14
410 15
292 113
949 134
63 127
563 45
645 121
309 1
539 80
79 26
130 2
804 151
353 13
902 105
605 167
110 121
133 21
835 126
533 110
134 170
188 148
989 33
820 49
858 33
53 13
83 135
189 113
560 143
52 136
873 132
355 109
777 64
204 13
614 63
450 75
682 137
147 72
469 117
670 4
324 49
966 9
608 30
996 95
47 25
980 46
56 136
956 34
524 61
498 15
598 122
589 4
584 112
652 54
53 171
82 4
747 73
839 29
554 86
873 52
585 155
223 67
242 30
175 116
41 100
255 38
971 20
269 106
281 70
310 161
593 41
766 64
790 129
692 168
789 17
295 126
473 119
717 64
398 94
479 63
268 110
428 40
631 96
496 62
967 130
949 9
547 164
249 39
669 118
31 132
209 52
182 83
897 76
746 120
494 127
84 11
13 38
350 144
558 172
907 77
353 30
435 75
920 134
588 88
328 120
396 11
647 80
920 143
180 40
189 148
241 25
785 29
487 161
249 172
683 155
273 85
9 134
286 155
94 50
867 121
195 87
308 143
191 2
87 122
892 151
394 9
252 30
737 38
16 10
486 150
491 83
84 126
817 172
130 110
946 171
683 40
610 140
332 27
217 94
874 160
46 44
943 22
149 7
386 66
368 24
565 134
981 75
709 124
721 14
411 117
186 68
158 22
434 117
651 127
612 174
461 57
494 81
305 69
787 67
861 79
265 150
12 173
777 121
746 74
559 133
515 96
952 125
243 11
866 143
387 77
768 50
485 113
955 141
607 41
182 117
894 99
244 133
396 72
978 18
220 13
1 137
983 152
111 27
689 128
469 101
156 88
275 92
201 104
132 9
321 65
977 41
463 147
823 60
943 75
703 13
39 30
249 149
6 36
950 122
38 146
122 145
358 173
536 60
328 117
68 23
683 147
213 123
968 61
707 161
187 61
73 153
815 123
951 73
383 102
219 122
374 42
316 84
439 128
993 116
221 13
765 28
809 2
400 78
364 134
38 128
219 37
480 109
134 32
558 118
385 1
639 159
467 131
842 57
508 11
374 105
950 88
983 158
466 84
886 82
192 100
84 61
737 115
444 120
48 128
90 57
128 103
542 146
386 83
202 95
921 175
325 70
64 134
980 129
392 90
62 84
491 22
994 127
411 114
449 60
141 88
242 170
617 110
565 27
518 143
599 65
44 100
659 7
933 163
987 76
854 124
259 45
545 127
571 83
392 44
469 107
908 37
503 100
197 42
878 141
536 3
855 104
102 163
37 136
503 1
62 6
776 20
700 47
924 23
331 142
993 50
199 151
861 128
777 57
472 154
122 132
834 51
938 60
841 124
673 143
701 34
50 26
405 152
148 130
724 3
347 18
277 147
320 138
949 21
194 70
102 18
427 110
995 41
221 60
689 143
529 90
978 129
217 8
680 164
62 80
194 58
174 20
304 44
959 128
941 130
24 169
524 25
328 168
165 51
705 31
793 33
947 171
163 13
505 44
879 116
300 122
326 174
893 4
319 54
233 59
708 107
653 131
58 132
100 150
584 129
132 2
389 78
499 101
592 105
745 22
272 46
893 172
869 63
578 62
341 62
798 100
770 127
982 78
133 131
754 44
237 10
445 25
314 170
527 130
1 48
727 97
19 96
221 137
460 48
426 52
311 98
903 56
24 159
908 108
317 138
576 130
897 172
529 35
18 80
466 20
30 94
642 23
867 164
286 126
363 136
478 98
