700
100
36 89
229 21
49 78
886 15
505 57
354 18
300 142
76 24
535 73
413 10
460 153
862 17
605 82
290 65
96 150
380 159
90 160
454 113
789 116
304 69
673 109
913 24
327 138
848 87
888 135
171 72
465 132
915 96
815 129
35 138
981 16
746 97
78 101
912 16
241 115
511 38
576 123
589 77
763 86
763 75
47 60
348 88
317 12
284 8
466 145
745 23
788 67
219 115
392 130
82 33
697 168
897 72
367 85
173 154
272 113
778 146
572 175
533 165
739 43
723 129
838 119
353 127
661 48
841 154
405 149
36 26
866 35
724 35
769 46
713 91
535 43
711 132
319 95
346 7
763 95
612 127
591 41
928 26
239 120
654 68
393 167
95 36
326 143
195 121
65 59
486 125
453 73
706 97
495 3
180 84
823 17
560 113
107 89
15 145
310 95
339 102
61 83
664 88
250 160
184 40
469 46
914 98
921 46
44 65
373 99
375 145
367 159
959 125
124 173
522 58
345 85
486 155
293 75
495 19
359 78
560 79
698 23
452 43
795 172
384 93
422 33
714 163
43 98
613 41
997 9
950 141
345 13
98 39
937 142
883 122
621 69
178 143
619 4
288 113
827 71
580 49
781 46
36 73
670 125
341 16
485 142
359 5
429 33
818 42
751 77
364 171
846 143
40 39
873 102
228 99
350 135
947 32
805 160
304 124
334 171
491 21
638 51
1000 93
8 44
135 35
573 100
480 45
742 145
585 14
198 12
312 174
971 61
732 127
945 88
600 130
383 168
800 22
643 151
142 103
672 51
112 71
477 144
365 18
815 174
183 114
112 96
615 110
456 96
561 2
733 113
382 68
307 83
839 101
36 157
303 9
607 142
654 135
710 18
652 24
318 136
239 131
32 28
215 14
199 103
591 131
992 124
398 98
208 89
598 20
920 28
653 79
19 106
313 80
323 167
955 92
854 18
125 137
46 89
76 169
818 143
526 9
693 101
106 52
216 106
847 37
308 99
365 103
805 130
757 129
346 63
471 26
255 70
788 102
285 138
247 128
232 173
263 149
48 44
175 65
776 96
101 83
872 41
112 26
847 145
154 69
282 1
94 88
922 81
540 159
95 86
661 101
910 25
601 134
995 53
923 170
500 124
852 121
841 40
46 112
534 102
230 40
527 98
703 149
556 119
7 175
731 44
328 66
293 128
949 90
55 47
409 107
247 138
277 112
927 23
773 11
226 29
627 27
28 154
552 83
274 85
585 80
928 137
645 173
839 145
212 71
168 147
152 139
584 30
852 88
454 99
323 129
329 124
431 32
630 109
291 130
244 150
259 123
138 155
447 154
552 8
574 94
982 27
485 65
856 86
427 85
312 51
340 90
402 170
348 33
456 166
637 99
865 173
221 30
502 143
683 55
677 56
124 83
684 160
575 91
295 78
552 33
454 167
598 82
13 22
589 43
287 100
166 129
472 164
858 51
406 165
730 59
147 55
444 80
164 68
720 86
722 147
768 52
515 42
733 77
14 71
347 75
898 62
155 69
602 162
46 157
551 26
793 149
332 136
878 96
605 25
658 126
573 100
853 87
142 135
965 7
906 61
158 155
823 63
523 126
676 121
783 154
696 102
627 4
162 5
226 66
454 58
91 153
660 18
464 78
880 28
659 137
739 118
291 13
480 163
688 31
733 47
86 55
748 112
159 11
216 134
378 121
619 46
398 128
763 138
430 169
993 90
130 33
607 70
995 37
585 159
594 119
208 29
801 132
390 34
920 58
694 172
330 114
117 55
941 82
292 95
225 136
161 7
718 18
126 14
206 110
450 51
731 157
829 6
315 20
841 34
879 159
531 34
198 49
640 140
582 58
212 159
919 22
865 11
139 65
52 69
52 151
494 7
509 174
312 23
596 27
57 49
37 64
34 61
289 123
76 21
956 62
29 1
10 168
213 99
234 164
844 10
764 65
418 72
363 156
447 35
232 128
136 146
793 119
206 58
194 33
303 26
271 58
726 131
927 13
429 61
554 174
797 117
313 17
941 103
647 62
337 156
241 22
851 135
993 133
817 161
41 72
38 61
154 165
943 133
404 23
945 132
347 41
626 84
659 41
38 31
952 125
536 69
198 136
928 65
145 44
727 37
567 14
200 23
230 67
505 134
865 149
590 111
541 117
221 25
132 159
857 60
985 42
978 32
129 132
724 48
1 100
810 92
566 159
639 70
502 70
428 116
295 95
928 163
936 24
387 170
759 43
854 68
986 159
276 39
440 149
386 92
449 147
359 164
907 99
160 134
196 63
774 165
309 102
677 169
202 140
15 62
9 19
406 44
52 6
459 93
32 122
635 7
743 170
197 2
45 6
410 40
295 10
82 3
588 135
199 166
525 113
452 60
433 157
231 86
890 139
679 96
885 13
104 155
9 50
981 53
7 92
645 77
628 76
904 166
835 29
708 111
667 10
596 74
368 76
935 84
866 140
881 101
277 59
82 135
635 37
689 117
155 58
943 7
58 73
349 145
652 84
955 68
920 52
768 14
727 79
248 143
18 78
695 171
464 101
282 23
189 96
739 20
303 156
828 88
879 129
957 132
937 113
551 106
165 118
494 93
724 41
187 41
221 81
387 34
8 143
781 96
990 172
890 170
904 118
357 7
246 115
15 84
279 115
389 18
883 109
686 56
327 124
698 24
105 86
582 12
104 89
660 70
585 1
89 39
970 122
622 142
461 137
100 90
201 40
534 110
426 171
392 77
795 40
650 126
525 133
714 155
648 175
777 85
626 90
73 72
662 121
514 74
34 65
565 112
157 26
373 32
21 165
685 117
206 161
417 130
268 158
62 140
207 113
499 134
54 148
131 40
321 46
541 129
312 32
292 145
907 65
401 55
781 62
446 36
122 40
67 164
697 53
656 155
317 154
439 146
429 121
437 174
268 54
454 54
786 146
399 119
762 1
323 42
588 146
527 86
335 43
450 8
73 157
989 16
610 77
111 40
699 125
138 141
228 119
897 65
41 172
409 77
149 158
695 13
203 148
149 114
517 150
271 41
406 85
682 67
38 19
757 114
43 144
406 123
189 52
987 129
300 172
382 174
830 101
536 107
1000 109
921 42
633 143
457 38
154 138
757 144
282 13
632 101
758 114
298 22
691 37
175 167
383 157
790 164
984 153
