700
100
81 106
330 172
756 154
684 79
404 9
344 4
794 4
988 120
823 68
162 64
897 88
761 130
194 132
74 159
520 68
337 127
398 118
750 5
471 8
33 52
566 101
305 35
506 167
6 3
612 142
844 133
231 104
739 149
62 62
959 81
6 97
884 103
665 109
259 135
418 166
361 86
19 66
47 149
309 52
204 47
570 172
780 25
2 45
575 114
682 60
996 37
531 5
442 20
865 2
682 159
695 119
969 38
411 142
236 172
418 139
343 164
837 24
490 14
344 116
254 175
300 99
63 156
480 106
377 146
908 85
330 54
804 175
666 14
17 78
637 136
44 30
477 130
453 91
70 121
382 48
172 31
572 87
863 28
442 140
99 101
1 105
654 54
781 46
370 24
924 31
935 142
337 86
198 67
728 18
937 9
942 86
142 13
47 4
916 165
595 16
893 146
497 23
399 2
569 45
426 169
478 162
162 89
474 9
955 26
978 144
310 45
704 28
784 50
806 51
941 151
416 83
348 162
731 98
541 151
218 166
494 172
29 80
860 2
365 42
54 68
762 15
614 40
517 122
566 73
448 58
75 40
691 122
479 71
519 144
423 163
336 166
134 64
570 46
217 134
864 45
628 50
985 91
441 101
638 108
175 35
215 174
299 130
22 77
677 118
147 24
980 132
14 66
197 60
811 38
221 151
35 173
650 119
89 90
871 126
447 171
162 163
646 12
918 68
589 96
560 87
397 91
921 110
708 17
697 45
882 142
895 91
764 44
286 52
985 31
929 108
553 115
796 149
902 15
218 17
362 4
928 8
19 123
520 52
317 66
596 148
484 93
465 147
738 27
451 48
609 154
857 37
469 29
712 22
420 4
563 107
57 117
539 77
42 33
505 158
625 3
907 83
295 123
707 32
824 32
106 7
887 13
593 80
318 6
76 38
584 115
519 167
832 59
419 98
819 150
582 120
727 163
255 71
210 36
53 83
469 158
816 30
472 86
710 165
416 12
879 77
479 147
343 160
157 113
534 52
388 115
122 64
602 1
487 13
336 39
547 79
48 137
510 145
122 19
661 115
708 114
241 111
287 60
847 45
400 130
122 62
494 93
252 170
970 38
609 82
628 55
812 51
868 46
547 40
892 84
231 49
97 123
136 60
757 32
529 156
361 2
294 31
244 98
652 140
987 160
221 165
766 7
642 8
353 165
974 94
98 154
194 71
26 79
632 108
662 12
290 49
514 61
579 84
833 80
674 94
841 94
785 56
926 53
238 153
317 87
873 91
415 166
663 143
746 69
927 132
806 116
132 71
503 60
779 135
291 27
506 156
346 67
88 23
420 75
252 138
888 24
206 5
541 168
447 36
514 23
44 96
940 102
693 93
236 121
129 78
923 59
360 70
628 47
242 47
123 68
486 61
616 16
665 58
911 36
145 1
835 38
798 149
714 40
216 101
960 95
530 109
330 14
853 57
687 94
355 111
938 66
171 30
883 37
412 20
297 156
920 83
95 69
257 110
558 122
460 70
168 166
103 148
581 158
806 169
401 86
780 16
1 100
595 33
137 132
28 10
562 49
268 107
368 126
816 27
699 53
146 67
320 76
716 1
908 21
519 110
33 98
350 58
600 147
268 113
303 97
224 16
297 168
224 41
718 140
293 144
19 140
987 165
390 27
590 74
574 136
661 107
110 87
991 11
658 10
148 160
256 24
176 30
918 99
920 111
790 137
756 10
354 67
850 95
443 141
744 93
251 154
326 113
765 119
773 100
278 48
734 36
996 61
790 63
12 134
900 153
273 30
665 151
396 139
720 165
656 40
910 7
570 60
971 37
903 43
461 108
15 44
418 137
807 32
627 43
267 128
322 39
885 136
516 32
499 61
822 157
50 58
765 72
669 60
658 74
477 68
456 169
311 148
557 169
79 108
286 122
413 33
236 172
593 151
928 69
338 26
302 90
183 166
711 2
800 93
775 128
485 80
471 72
454 30
616 9
914 78
580 151
860 115
622 80
918 152
600 80
2 151
994 62
966 154
388 167
71 114
744 55
95 42
54 23
946 169
431 161
921 160
537 158
177 85
937 144
763 163
348 40
140 19
301 57
397 140
573 45
553 143
726 72
586 4
546 33
447 101
94 68
337 132
852 138
843 88
606 56
27 131
722 143
999 172
974 122
413 48
918 167
917 44
315 153
422 110
737 21
835 5
940 96
163 91
36 131
930 118
611 31
650 82
825 175
705 150
747 144
47 89
785 165
659 174
169 133
958 106
653 119
87 42
666 25
382 51
255 88
46 142
618 20
548 69
695 79
943 118
72 41
808 6
655 117
954 149
899 88
81 28
406 142
494 23
768 2
124 122
889 44
238 8
863 112
651 59
92 118
701 38
285 9
370 164
975 175
114 175
937 169
127 94
713 72
117 80
198 167
854 138
760 68
295 74
932 22
235 148
241 110
186 75
443 30
815 44
230 154
345 93
474 46
212 61
794 105
18 143
271 121
780 107
665 51
707 146
74 91
619 164
876 106
190 120
62 80
791 141
933 160
161 158
958 24
944 101
403 138
446 48
535 150
406 49
3 112
795 51
53 115
742 30
920 56
301 156
287 91
624 169
226 111
329 60
859 149
637 86
936 7
285 170
659 65
668 113
801 39
88 5
930 156
484 174
464 160
182 125
875 32
321 127
292 49
338 100
272 125
410 132
408 119
28 43
383 122
430 160
861 120
740 115
50 23
991 113
359 24
263 36
680 158
389 21
583 127
120 29
53 106
412 137
926 64
230 10
485 159
194 147
528 158
487 5
508 154
442 141
352 156
803 56
990 117
353 122
918 149
425 97
56 88
133 81
626 39
640 161
373 60
807 102
118 20
181 2
825 25
194 151
30 97
558 97
188 37
943 82
85 170
778 65
907 37
120 58
976 36
995 75
296 128
303 115
150 61
741 99
810 36
502 66
282 36
562 146
673 7
277 82
576 31
249 59
20 70
718 120
831 112
46 3
217 148
242 143
183 34
691 94
619 94
887 3
307 123
73 4
656 2
87 83
459 10
417 53
407 59
824 162
198 121
714 166
569 82
483 103
640 175
447 160
69 158
862 2
132 112
705 13
988 43
722 98
830 38
628 86
624 78
472 23
24 37
938 117
195 145
46 34
944 42
795 39
176 157
90 83
295 21
