700
100
617 26
906 104
698 86
478 64
472 6
118 2
322 51
304 119
512 140
171 106
762 71
304 74
183 50
831 125
829 28
504 120
581 35
800 80
197 4
143 143
959 137
996 5
487 175
601 174
166 73
129 103
468 32
453 27
956 9
151 61
363 132
932 43
416 6
572 87
360 66
632 170
30 129
302 16
278 77
866 69
24 94
723 116
777 125
492 160
458 95
572 146
353 4
115 18
586 89
731 147
456 89
967 135
693 95
1 147
521 141
117 121
212 164
738 115
14 156
424 48
927 121
995 79
851 137
46 63
500 154
85 157
194 153
792 63
22 69
560 44
361 28
789 24
867 26
264 107
106 39
406 58
386 126
311 38
862 34
376 113
189 135
19 32
214 12
972 160
657 106
128 45
558 168
293 126
793 8
359 175
299 165
634 159
165 147
272 3
357 122
442 145
458 162
278 123
974 49
257 32
131 111
351 66
355 121
816 74
255 50
748 128
939 107
237 130
30 110
184 36
858 2
282 67
788 111
689 138
512 97
447 69
32 47
34 88
144 127
236 74
376 58
303 16
716 91
472 20
750 32
482 34
983 13
625 20
26 113
235 62
609 106
530 42
829 66
729 98
117 114
723 17
299 127
509 114
268 107
111 44
338 119
328 170
707 2
441 34
265 102
620 125
707 26
217 138
416 97
212 107
261 161
375 161
662 108
276 154
214 11
650 153
682 77
574 63
928 92
823 169
393 167
769 27
294 87
339 85
633 25
241 20
835 93
507 98
850 58
129 41
520 53
670 151
754 119
940 8
610 87
929 29
555 74
805 49
385 43
558 144
44 125
966 30
117 122
78 44
254 6
86 26
983 55
326 163
350 16
472 9
379 125
313 134
448 69
782 159
964 116
553 132
192 70
589 84
341 91
979 172
223 141
72 107
522 174
644 147
366 65
182 70
867 146
30 14
315 11
498 128
853 102
636 144
271 1
704 163
593 132
261 140
449 134
723 71
785 141
194 100
833 150
246 174
221 150
364 137
437 138
516 41
614 103
685 36
79 38
551 171
422 136
838 45
847 160
192 6
926 110
780 110
760 53
160 7
4 50
218 118
88 33
433 76
235 144
289 40
857 89
336 130
1 148
851 97
732 68
477 59
779 9
470 40
338 54
221 41
504 165
485 93
874 118
995 111
386 58
125 69
473 10
223 126
984 151
24 91
468 103
76 173
461 96
488 125
526 83
490 31
850 102
323 48
244 93
183 106
952 133
927 52
119 174
602 78
574 25
170 168
477 72
991 39
494 28
438 72
537 130
752 113
606 27
813 76
96 120
533 47
654 134
175 150
960 76
579 60
401 150
278 29
696 20
870 167
449 32
913 87
938 141
75 170
442 162
95 64
233 30
936 114
438 162
363 97
238 93
282 140
392 11
570 112
530 14
980 53
746 142
314 160
908 140
930 76
626 26
590 11
355 52
449 20
338 13
541 100
455 97
916 171
732 11
284 113
924 164
590 46
155 106
56 39
995 162
115 173
64 79
183 21
580 131
915 144
793 132
844 49
981 109
444 137
596 104
677 120
694 41
540 1
873 172
614 18
635 130
192 124
783 174
821 139
356 160
983 73
893 153
98 123
288 118
937 159
971 113
755 115
230 69
865 78
593 130
322 2
910 63
277 94
886 47
758 166
183 142
740 101
621 137
948 158
729 109
143 101
848 22
67 153
191 131
180 110
113 103
361 147
365 15
65 27
86 99
194 46
617 33
696 137
121 170
497 26
231 39
251 103
536 143
155 128
600 111
212 114
538 149
85 4
913 127
207 49
27 175
619 46
684 41
232 131
660 103
356 92
719 84
320 4
628 99
331 79
512 169
643 26
817 79
7 130
932 13
80 11
965 50
306 173
67 62
804 78
617 86
320 85
821 14
940 173
464 172
379 77
515 71
728 108
451 109
764 133
298 170
693 87
596 175
910 87
238 15
740 4
927 159
540 48
49 129
547 39
452 75
191 91
945 43
1 73
3 39
130 50
311 149
562 31
523 23
568 10
239 84
966 90
69 32
912 17
688 136
980 64
735 147
457 157
439 132
779 118
572 60
93 157
433 106
140 157
180 84
66 118
717 133
934 35
240 123
253 127
8 59
65 117
106 123
125 21
329 128
689 28
162 108
486 21
138 150
252 119
683 145
86 26
52 46
887 91
568 64
569 52
75 34
21 130
506 45
427 37
48 90
791 161
247 26
507 36
253 160
404 12
779 16
390 56
212 51
473 31
415 142
58 16
27 53
20 132
222 96
70 71
913 162
182 9
840 40
895 142
149 175
730 153
491 144
110 77
395 132
184 111
623 143
1 74
670 72
533 94
169 129
216 131
166 22
592 105
788 138
448 62
487 2
216 152
648 25
30 142
258 91
554 56
158 4
881 78
277 90
423 20
719 113
526 136
387 69
240 126
306 112
462 144
215 4
473 14
705 104
607 138
419 10
843 77
65 100
756 41
840 80
786 58
167 13
793 105
131 59
431 88
422 44
283 38
273 130
202 52
609 8
939 77
968 8
955 7
208 85
373 122
239 85
956 158
524 150
662 131
483 119
793 156
688 52
243 12
182 69
288 65
252 54
168 71
63 73
602 145
184 101
668 100
187 25
532 60
426 145
715 160
341 34
515 53
286 158
339 69
201 103
608 104
908 52
374 171
249 53
592 60
5 162
559 117
938 42
901 139
986 168
623 76
178 65
705 65
247 145
633 74
725 67
603 7
719 153
954 67
655 73
751 160
861 86
203 175
102 55
513 115
422 63
765 27
329 97
766 150
568 26
725 92
342 4
276 35
7 31
379 163
478 6
24 115
142 26
840 20
681 54
34 104
191 126
405 44
972 23
445 89
625 172
183 116
200 58
378 133
38 8
571 168
940 69
909 81
820 23
28 152
452 36
305 169
211 12
865 9
936 161
425 35
182 57
877 157
416 56
939 3
713 36
672 53
455 56
85 1
680 12
829 131
173 10
477 10
546 116
269 8
1 70
744 60
651 123
916 41
578 131
870 66
67 144
295 73
474 6
850 55
843 3
636 42
162 112
453 10
804 23
892 106
117 13
690 19
960 30
184 137
163 56
179 129
299 75
453 24
556 52
628 75
979 65
468 42
726 120
551 6
345 45
37 36
782 101
580 168
683 90
981 70
