700
100
178 34
78 149
533 39
205 162
255 48
591 169
999 77
948 132
884 5
318 149
716 126
217 50
595 145
455 48
13 144
1 68
179 155
541 161
43 122
222 124
244 65
42 44
816 16
102 50
270 119
598 10
397 42
184 143
838 66
65 125
586 92
744 164
846 34
474 65
381 98
888 126
212 106
922 127
621 123
78 117
794 153
226 67
546 162
884 158
104 25
584 39
716 78
452 11
963 152
800 45
324 64
671 37
671 119
914 91
966 118
532 86
722 134
652 44
222 162
353 102
186 87
365 126
616 143
461 53
445 12
273 170
2 70
7 22
238 172
314 55
966 120
18 163
306 94
306 129
556 34
556 91
947 172
994 62
440 154
491 61
418 165
707 19
409 40
91 48
336 129
553 127
601 45
341 83
590 98
136 172
8 68
238 6
315 106
867 6
36 135
693 28
824 74
224 160
464 41
582 126
421 111
804 21
407 144
630 72
494 93
845 151
160 109
807 49
16 25
579 77
86 73
856 85
22 81
494 62
96 77
987 92
265 66
889 121
286 169
19 54
988 39
632 47
297 163
621 163
462 126
716 125
174 98
809 147
354 79
383 124
432 21
317 121
863 106
367 74
76 37
279 138
600 110
561 24
347 81
561 86
84 28
60 9
550 45
155 128
225 164
704 56
609 47
352 72
929 45
972 6
806 27
770 133
512 106
6 35
863 143
722 171
545 108
554 96
352 158
349 53
596 79
584 132
775 87
380 56
708 103
411 13
304 6
270 90
511 125
25 98
544 23
671 63
231 74
534 107
284 9
862 156
989 70
787 165
83 93
170 65
220 106
302 149
761 24
690 23
550 141
347 19
164 167
533 119
241 41
327 76
651 163
106 89
984 145
106 166
114 100
855 59
207 109
209 94
432 48
941 81
316 38
426 154
656 134
872 71
376 100
123 2
738 156
17 121
177 122
139 140
749 143
975 30
501 8
274 9
433 41
265 175
853 142
578 84
1000 51
756 76
350 56
754 39
811 97
512 137
244 50
276 67
994 78
298 47
785 21
130 94
137 144
668 116
788 47
201 12
749 109
514 26
539 117
889 24
389 2
687 59
753 62
327 22
564 151
593 26
547 99
621 35
468 166
727 132
589 105
393 88
588 9
788 3
877 153
826 117
780 139
600 159
177 78
982 118
254 26
145 27
1000 40
538 17
757 141
425 21
895 92
683 84
75 45
311 27
497 88
568 153
351 120
512 53
149 118
620 52
419 114
905 93
880 92
236 114
410 35
334 104
828 43
138 5
189 98
558 62
936 150
665 38
996 153
165 70
372 61
898 17
251 153
911 83
596 171
471 80
157 154
661 87
523 173
591 61
597 98
747 59
624 138
522 120
290 163
116 164
526 88
155 1
167 91
610 88
563 80
119 70
235 129
408 32
928 48
467 152
497 16
760 170
328 108
91 70
23 81
983 98
219 39
675 12
554 135
499 17
364 45
188 51
748 20
707 78
944 151
904 165
91 88
911 120
648 52
739 70
207 48
569 102
562 43
514 40
879 14
583 170
333 72
545 33
716 103
460 111
128 163
450 45
377 38
340 49
714 155
45 22
503 63
401 91
208 39
882 38
629 140
384 87
586 30
746 104
883 30
664 35
919 116
580 22
178 46
23 43
700 142
514 29
32 164
969 66
179 51
380 33
667 89
121 4
43 16
257 75
422 123
287 167
90 143
338 17
488 60
509 14
779 99
93 10
288 138
400 91
615 131
625 133
894 20
237 162
962 45
213 10
117 101
426 31
68 166
824 57
475 82
798 53
706 67
414 70
654 90
162 171
296 62
253 89
883 89
477 47
334 67
931 102
892 34
360 60
824 133
218 50
867 140
255 174
256 118
268 37
833 29
882 55
215 159
20 125
975 172
646 160
538 28
461 54
636 20
740 61
3 8
813 146
324 167
144 155
86 36
841 118
191 24
749 108
207 94
207 56
265 29
192 129
131 103
934 117
472 74
929 76
983 66
46 6
807 166
885 143
951 152
162 44
150 36
251 159
679 9
241 20
12 33
800 92
85 108
260 58
758 164
86 40
929 133
398 111
24 159
628 126
711 116
819 112
51 121
920 81
581 111
727 142
945 3
86 79
611 45
288 93
533 25
460 87
208 132
549 106
490 53
908 52
668 4
764 121
499 60
503 32
195 80
23 114
107 33
519 169
805 84
789 87
883 173
150 90
456 148
672 45
225 7
497 18
10 62
963 110
646 140
291 93
46 116
331 80
125 2
925 4
712 113
618 169
312 42
36 17
817 34
64 16
990 135
285 26
171 124
211 118
416 78
360 86
870 43
317 120
244 17
275 105
954 144
900 41
11 135
384 154
994 72
219 10
358 4
686 28
102 148
48 17
100 157
330 22
449 46
316 44
239 42
998 168
186 25
810 173
184 20
726 129
992 121
864 99
799 151
229 53
148 51
121 149
682 102
920 33
448 112
526 163
529 26
230 141
125 141
965 33
936 90
189 54
337 79
627 113
304 80
740 1
482 12
401 116
14 121
998 63
907 48
850 12
398 7
852 122
174 91
182 109
857 95
739 169
773 116
681 28
572 72
230 81
983 130
921 173
950 168
160 109
440 110
995 90
441 74
711 64
366 167
75 100
613 90
768 37
530 175
164 4
571 68
859 130
23 81
253 74
48 164
884 89
773 81
28 15
429 16
531 96
334 7
720 47
121 89
35 103
990 124
456 112
943 166
817 167
796 171
993 120
184 26
33 59
106 13
225 61
503 105
32 11
711 153
782 9
294 94
186 108
719 18
195 11
658 88
330 55
783 22
999 43
197 8
978 153
795 128
188 24
309 171
485 122
26 68
555 169
786 42
601 4
84 145
165 43
157 146
897 116
167 72
961 38
981 38
17 53
492 30
776 1
127 110
524 127
878 53
470 140
169 23
519 129
569 135
696 26
880 69
368 96
190 78
760 172
618 102
649 59
981 125
261 109
36 134
963 38
213 134
928 58
206 123
688 125
832 158
852 163
326 69
460 167
899 169
389 41
995 14
976 27
813 89
786 174
724 173
113 164
883 167
373 89
541 11
215 149
795 141
786 21
636 20
339 111
464 129
753 108
468 6
785 82
669 72
832 94
21 47
32 153
40 82
343 106
817 57
304 61
974 40
83 162
686 24
847 26
