700
100
887 8
106 93
400 81
487 88
884 58
763 134
466 9
144 147
741 28
361 81
455 160
424 23
969 38
448 118
15 12
19 101
170 151
243 46
358 129
208 42
64 170
252 156
706 73
277 21
977 63
303 31
349 28
731 168
290 128
987 29
241 107
204 135
832 124
330 91
527 114
782 42
859 109
823 66
781 126
713 82
440 140
540 14
92 120
458 33
799 69
37 164
800 167
801 58
390 82
523 169
371 82
562 106
42 34
496 172
187 58
930 126
574 121
766 142
442 98
749 67
666 37
983 142
729 133
151 120
616 149
738 36
682 125
566 23
35 113
896 96
972 27
199 145
998 139
913 14
187 64
383 29
150 90
21 105
147 171
700 62
196 139
100 152
440 17
951 2
430 146
47 101
23 97
298 122
561 112
162 99
575 169
302 100
908 122
954 106
845 55
168 40
146 44
269 60
635 144
411 166
417 135
817 89
406 116
162 93
27 123
416 52
867 143
678 24
391 133
180 160
340 99
275 160
669 170
69 3
113 82
719 54
641 62
319 73
704 130
716 7
155 158
35 171
200 162
146 16
695 102
177 86
375 153
870 143
697 113
698 87
769 93
42 36
654 38
159 132
544 76
790 23
708 150
718 160
536 166
202 57
892 128
967 117
181 36
661 54
126 160
742 121
477 59
7 32
496 67
838 64
742 80
89 1
804 81
60 14
21 136
273 140
639 14
883 171
427 118
751 129
605 143
149 156
276 32
915 98
375 129
513 18
83 26
269 86
759 3
225 131
941 124
395 29
439 152
101 117
172 26
120 151
343 121
208 170
479 97
92 29
226 55
673 83
557 41
546 140
621 47
446 136
970 15
491 108
117 141
625 40
793 96
415 113
716 99
457 170
448 1
400 48
857 22
332 88
365 77
80 60
998 125
545 94
716 137
727 84
977 53
823 46
798 114
608 166
563 67
412 35
317 136
34 75
234 142
937 173
594 168
582 143
892 53
262 35
864 65
495 92
42 20
665 66
258 97
56 147
40 17
533 8
629 18
232 88
635 46
460 5
888 119
522 132
223 10
91 162
474 62
630 167
606 169
410 39
918 90
387 32
284 122
665 37
189 121
126 123
416 163
754 6
331 53
787 55
762 104
343 113
165 73
806 71
266 115
986 133
32 72
492 67
995 6
930 134
403 6
358 71
993 162
826 75
91 37
579 77
840 147
791 129
894 49
126 86
515 86
46 123
835 162
564 129
44 94
364 48
901 122
968 68
185 18
919 100
756 72
478 147
770 121
951 40
569 101
526 110
539 123
333 123
811 48
553 31
93 117
3 18
638 21
237 124
115 5
448 23
652 25
169 96
897 71
788 92
899 40
252 137
587 61
161 72
183 113
954 51
629 156
620 93
278 107
791 145
11 88
967 164
515 160
787 13
606 174
580 29
238 131
292 1
766 27
924 123
164 127
575 170
832 172
762 62
403 128
206 15
142 22
779 83
658 42
771 15
490 25
118 54
180 161
254 147
212 102
244 128
53 46
872 136
717 10
697 121
889 52
235 131
425 115
38 33
281 110
697 20
509 67
200 90
927 103
336 41
981 132
570 35
102 68
621 20
777 169
640 16
923 76
48 72
591 137
429 171
597 128
993 30
644 42
145 47
997 5
764 127
763 33
362 114
125 134
385 154
2 51
271 149
602 70
271 142
106 126
62 102
528 129
159 73
598 30
445 94
486 160
570 124
893 8
464 94
616 149
974 93
224 19
893 150
913 65
16 96
918 55
72 47
835 107
320 132
236 41
377 147
675 49
970 19
581 133
288 174
281 138
518 107
209 110
681 23
925 174
843 167
830 117
638 166
848 134
800 9
776 126
805 1
474 51
721 32
558 85
955 91
973 97
399 6
233 56
653 159
479 123
702 60
114 142
676 111
1000 150
44 76
2 75
578 53
677 48
234 110
658 90
777 157
363 175
514 170
605 166
104 86
365 82
447 153
848 172
439 148
948 9
975 2
386 54
129 162
553 114
648 35
253 51
543 167
302 131
913 82
574 93
694 13
525 90
416 47
614 56
571 163
391 20
214 78
448 42
190 151
407 114
562 136
965 132
977 16
512 90
524 10
257 19
375 6
61 142
505 126
347 25
938 39
620 102
217 94
845 158
771 54
946 10
614 62
141 118
528 29
832 128
89 15
972 15
573 34
956 27
409 154
151 96
742 72
849 110
893 96
419 13
649 165
347 139
626 139
556 105
843 89
260 8
531 6
97 78
966 154
531 174
57 108
719 125
155 70
812 147
965 105
61 115
946 135
578 99
950 159
428 67
224 62
426 129
269 72
208 59
277 88
959 158
771 128
835 2
949 121
675 163
227 62
229 98
846 133
96 73
643 25
939 142
914 15
620 107
238 103
768 67
917 153
199 164
755 110
315 80
382 91
319 59
428 122
133 150
705 153
772 172
102 163
213 42
779 35
549 18
364 93
234 82
745 110
671 152
169 37
258 53
678 77
863 82
123 45
433 79
574 57
526 152
619 15
394 22
626 144
116 116
313 100
973 107
134 93
260 54
331 70
556 58
446 18
816 145
764 149
99 37
157 101
364 50
417 32
523 118
50 63
383 37
987 80
770 172
349 157
478 80
251 133
39 173
803 32
967 143
807 15
255 163
40 170
737 9
78 61
851 2
248 160
840 87
292 111
58 15
694 110
671 96
920 10
343 149
916 60
991 22
726 97
684 143
566 22
926 93
382 101
121 6
712 62
567 103
273 152
995 43
863 165
614 84
726 56
207 168
617 150
714 143
146 174
460 139
872 85
58 55
512 104
586 48
842 152
226 116
480 70
784 168
884 99
476 35
704 110
602 48
584 18
15 131
768 124
144 142
210 104
596 171
84 81
943 150
685 170
391 139
739 74
858 100
274 9
936 127
368 114
1 3
908 165
383 78
840 29
19 99
784 64
121 117
147 91
791 156
935 6
994 126
706 29
1000 29
537 137
308 131
175 108
910 160
675 67
462 164
522 105
915 5
445 112
171 91
802 14
421 112
494 167
762 52
970 88
882 33
399 14
465 100
849 74
359 173
17 145
388 14
651 4
195 21
41 93
686 142
31 159
930 101
577 93
779 123
155 11
755 30
849 119
830 99
592 15
923 110
360 36
850 35
316 95
457 108
114 143
902 71
953 106
