700
100
379 117
36 45
612 122
902 173
457 60
197 154
410 69
327 28
159 98
451 103
335 93
991 133
728 42
874 175
570 34
469 100
26 29
496 12
328 25
611 34
209 32
188 19
400 16
671 135
190 46
764 125
866 156
559 70
374 84
119 18
18 14
595 93
443 17
31 170
191 66
905 125
799 169
370 151
310 142
812 76
512 103
375 104
33 84
673 82
717 44
701 86
82 147
480 76
89 60
997 29
502 52
30 153
345 74
555 31
790 16
857 29
293 108
734 26
868 107
84 137
550 159
22 8
431 4
859 119
715 130
149 142
108 56
221 28
281 25
810 123
492 118
76 135
601 84
462 20
567 45
756 118
680 5
451 135
983 34
980 47
515 156
265 123
11 62
427 118
611 161
65 103
254 40
239 131
301 152
25 69
948 108
687 2
614 137
89 96
797 145
644 111
252 86
285 114
97 138
257 35
299 121
514 29
813 129
461 40
155 87
683 102
969 119
80 84
857 18
529 28
940 100
316 66
137 150
157 110
663 38
644 38
733 59
568 97
612 3
361 116
216 69
219 62
764 99
470 46
818 126
625 57
875 165
300 13
540 81
947 54
220 91
866 54
99 110
201 161
164 111
828 154
956 97
915 122
345 10
44 89
735 18
271 161
608 47
323 124
729 119
404 23
211 46
251 137
405 51
724 68
364 1
298 96
949 63
742 70
949 10
159 160
453 129
995 12
702 119
262 80
289 67
729 50
637 131
513 91
134 86
960 122
138 157
167 137
821 84
731 69
45 14
155 97
669 174
260 72
169 173
503 133
889 31
309 175
562 146
917 145
56 3
543 118
485 86
631 5
969 87
426 41
602 80
862 21
81 24
992 126
698 22
58 62
77 66
463 15
186 105
684 91
607 28
786 68
639 66
100 84
777 77
324 31
808 63
1 13
363 119
489 60
190 23
646 169
264 159
608 101
840 144
394 148
573 4
241 86
594 67
170 23
568 95
453 100
382 80
615 44
500 30
804 117
352 26
12 117
261 71
768 50
966 36
250 164
691 17
749 61
533 45
358 27
467 112
826 98
318 17
944 145
598 24
563 75
899 126
268 35
896 12
611 37
547 60
400 39
701 75
225 135
122 159
36 38
96 89
787 65
5 32
286 128
180 50
904 104
125 148
590 21
910 152
234 8
412 58
397 89
484 146
49 30
554 34
544 26
297 156
118 29
412 78
608 44
955 113
374 104
385 63
99 46
514 157
806 52
316 77
741 125
174 14
756 129
224 175
80 123
982 24
526 120
951 85
688 7
699 111
336 60
375 36
81 166
470 136
517 10
439 159
936 37
749 44
690 173
695 121
197 151
669 49
420 47
558 60
228 131
520 140
690 122
701 97
487 170
359 130
306 47
964 69
760 64
637 27
36 131
274 134
358 93
657 154
266 139
588 145
821 10
760 63
58 110
984 21
981 18
250 38
491 65
583 78
629 19
404 166
901 52
600 10
971 131
91 61
822 3
433 119
489 117
856 73
3 165
793 85
534 68
972 1
607 30
978 62
125 158
603 128
410 154
339 132
161 79
320 157
459 2
976 47
295 106
845 122
22 14
631 32
31 129
635 15
860 87
928 160
345 105
714 81
435 27
837 146
481 8
577 164
259 29
237 80
87 108
201 160
422 33
719 27
137 3
793 121
964 71
332 135
602 170
765 37
97 54
632 104
813 110
867 24
816 103
328 52
536 129
361 134
711 29
760 124
431 155
547 97
625 128
406 3
275 73
966 98
828 22
651 140
509 94
63 49
323 91
577 33
271 89
518 6
720 128
532 125
534 153
248 110
307 56
87 6
880 128
303 32
1 105
346 36
173 136
536 21
503 137
705 48
401 173
105 145
852 136
621 162
65 71
246 172
226 32
304 55
736 59
811 64
263 58
949 163
620 160
283 22
948 14
894 148
561 99
819 89
986 165
500 126
12 170
774 162
429 77
693 116
35 103
604 100
362 80
437 109
741 71
455 138
409 1
388 72
51 6
437 111
997 37
438 8
33 113
596 163
992 163
681 103
142 84
27 29
540 90
189 5
885 68
320 46
343 32
967 120
264 78
133 161
691 70
620 99
485 116
888 151
503 143
205 170
204 82
500 168
398 113
375 110
682 71
280 27
752 73
121 92
352 3
627 43
175 47
118 34
814 5
486 66
925 40
960 153
273 36
222 71
498 73
305 130
993 136
556 46
533 126
463 159
281 16
278 155
39 120
113 2
752 173
168 51
287 104
803 135
290 126
582 112
324 163
318 143
173 175
116 132
253 128
940 33
18 95
987 7
964 24
908 140
48 52
390 34
906 19
245 120
272 128
333 145
415 53
614 39
227 79
347 154
306 87
11 151
208 22
84 21
447 118
886 19
122 152
180 127
523 151
573 94
954 57
740 20
259 128
11 138
82 7
316 39
995 104
766 52
27 101
373 124
896 35
319 167
588 148
395 135
274 119
255 29
575 69
298 86
699 83
23 7
17 140
222 136
368 165
213 147
540 85
572 87
546 15
155 83
740 149
595 88
867 26
943 69
195 117
979 70
252 3
376 68
42 74
278 12
288 40
508 130
426 54
966 21
320 96
456 9
21 100
423 115
250 165
33 21
957 138
392 108
715 142
475 83
68 4
869 80
594 53
534 144
806 75
342 151
972 47
536 17
846 34
583 72
323 115
595 106
329 136
190 18
105 166
151 97
120 171
526 38
99 12
83 154
263 124
381 34
220 67
577 117
227 135
216 76
126 60
532 105
147 173
849 76
89 1
774 135
722 150
272 45
63 131
75 25
130 83
558 51
724 61
118 27
997 158
202 25
494 85
281 15
158 6
891 48
832 64
157 3
315 155
724 152
485 23
701 166
605 35
667 55
448 34
333 46
468 160
270 11
619 152
600 128
383 92
77 164
858 158
118 124
364 166
901 49
990 78
814 72
915 80
978 139
615 161
509 82
845 56
394 15
32 71
295 14
539 96
979 96
956 121
272 169
288 99
167 55
828 58
576 67
812 53
455 29
863 16
860 159
446 156
874 79
951 95
243 14
890 71
237 70
669 108
164 58
383 82
937 160
14 62
952 101
65 58
604 129
425 40
338 97
420 88
51 47
82 93
563 173
865 124
168 110
658 108
193 40
364 104
249 153
641 52
555 82
662 160
