900
900
298 116
482 157
112 75
44 199
725 107
66 138
810 83
363 211
150 189
692 63
577 12
225 145
345 21
828 156
503 1
147 208
506 150
904 4
988 224
21 64
71 56
574 7
28 107
649 199
891 44
832 188
81 191
115 197
329 197
863 133
558 94
741 116
99 120
322 197
724 211
468 170
234 79
469 116
466 224
381 142
633 139
238 144
918 59
530 181
209 26
553 21
278 107
44 89
178 1
919 56
268 19
369 104
201 19
741 127
233 165
849 191
783 120
152 80
574 157
499 188
745 159
515 159
653 218
355 188
495 144
386 103
73 66
586 114
692 102
826 107
211 14
815 129
410 90
685 107
393 198
527 70
839 142
916 87
259 177
149 58
733 146
168 79
374 61
985 131
783 105
758 170
832 91
836 143
100 220
245 114
3 141
232 110
495 121
867 166
120 76
338 211
943 216
128 163
416 10
983 151
582 32
674 210
640 144
641 10
984 188
260 142
194 48
630 116
698 22
40 221
36 152
413 74
890 45
69 126
34 73
407 88
192 181
995 58
379 93
978 102
879 129
213 125
855 128
22 199
589 171
484 44
367 166
585 43
738 99
729 7
588 36
681 17
132 91
910 102
471 98
72 8
756 113
182 110
55 195
608 95
578 39
727 58
596 213
928 48
647 223
33 30
633 115
345 5
403 91
584 99
45 91
234 50
645 134
785 118
423 153
772 125
751 172
563 215
682 144
547 209
105 142
661 180
568 52
202 119
333 55
755 109
510 144
792 139
331 156
843 47
521 4
430 216
327 3
751 54
541 167
643 131
645 27
813 157
854 50
842 152
8 152
831 116
983 140
127 196
250 187
667 35
306 17
548 137
73 167
134 122
937 215
626 214
291 78
290 195
782 72
659 145
207 87
828 174
550 68
727 3
793 192
597 136
496 103
692 34
942 215
4 192
721 160
419 173
671 49
613 119
381 50
33 203
269 208
485 129
818 45
740 168
222 121
656 123
124 61
492 212
108 40
438 80
57 111
941 213
500 40
479 214
945 27
940 98
318 38
285 57
346 139
572 165
554 40
237 41
510 7
558 182
795 108
718 114
232 126
798 16
843 212
703 23
344 190
581 29
79 203
768 98
762 203
252 96
731 199
447 192
581 65
995 88
835 90
631 15
711 64
817 82
784 14
468 222
930 132
305 198
407 81
918 179
1 189
421 208
710 219
425 178
377 220
413 127
931 156
387 59
382 115
355 124
669 189
490 123
976 94
418 128
826 36
904 178
309 127
409 107
25 110
957 94
56 9
9 75
61 85
300 158
374 122
681 11
741 155
606 54
709 120
67 215
788 10
257 112
142 125
412 18
910 6
894 183
817 204
961 201
77 28
607 147
990 22
661 19
937 126
851 224
730 61
705 98
354 59
981 185
660 66
863 43
106 158
666 50
647 29
235 80
924 89
219 163
293 4
806 20
507 150
184 159
85 15
213 160
783 71
119 133
460 155
375 173
887 29
123 179
681 52
630 96
767 202
283 32
360 203
282 40
208 160
526 114
237 184
951 32
701 46
766 79
163 56
604 50
474 57
840 33
334 93
990 6
924 71
142 212
576 111
269 44
984 147
37 212
545 177
103 176
22 13
188 142
433 167
139 61
214 185
809 71
686 110
446 148
188 155
293 122
194 153
555 160
781 122
993 23
977 119
904 184
742 93
670 101
698 181
953 98
470 44
405 119
907 177
941 80
117 33
825 93
868 100
832 188
828 29
551 203
553 215
734 108
601 214
206 167
556 2
772 211
305 32
473 159
758 40
78 60
145 132
377 117
754 25
725 186
882 163
372 135
441 87
613 204
115 110
360 41
896 176
448 7
898 100
43 56
883 23
969 70
61 199
59 11
219 133
790 157
790 12
66 222
219 41
44 77
504 90
157 18
110 142
726 42
929 157
614 16
318 183
255 176
703 52
984 210
806 36
726 74
907 36
730 87
251 4
38 86
588 123
296 168
23 161
418 21
410 46
631 65
971 223
340 153
971 183
653 106
533 111
378 47
79 192
998 43
99 130
150 140
340 55
40 103
764 5
208 24
437 12
299 127
900 30
675 41
313 65
176 213
365 57
507 29
256 19
949 131
163 80
656 68
526 69
403 95
111 58
179 66
803 34
248 175
88 49
340 33
527 148
598 145
453 109
607 199
320 88
123 16
599 166
455 97
71 106
593 135
849 99
658 169
175 171
635 78
217 106
871 19
152 39
878 180
454 171
746 215
10 184
330 220
797 125
522 18
508 89
632 169
856 72
201 117
492 50
674 115
599 224
88 133
447 32
835 179
762 62
229 209
380 109
671 121
666 78
966 46
721 168
929 78
107 60
980 217
792 188
431 161
209 20
956 91
64 225
451 28
278 20
624 72
510 159
653 165
200 41
20 218
899 151
812 113
497 32
328 93
983 214
29 64
564 85
415 185
196 30
434 79
341 168
591 85
248 132
394 24
992 208
434 189
360 132
375 225
753 62
200 135
150 209
528 209
956 163
682 123
747 177
36 25
982 46
53 141
633 87
456 54
298 24
826 89
731 11
684 225
720 64
359 214
976 137
178 41
751 30
223 4
552 152
687 29
334 159
521 49
726 30
351 154
336 105
90 174
878 111
571 85
83 20
885 115
883 36
791 87
644 48
911 19
258 16
339 66
353 164
862 158
313 153
402 9
636 213
75 2
742 80
241 117
652 13
838 18
789 178
622 150
926 127
166 91
761 39
105 29
648 4
950 163
852 70
620 2
347 72
831 103
585 205
871 161
476 119
522 114
323 150
614 136
885 34
100 197
214 29
885 104
554 87
812 78
786 3
790 43
331 120
457 15
452 150
585 43
321 76
473 29
251 182
30 79
914 81
348 159
526 60
361 68
508 173
206 74
696 128
70 222
666 177
682 81
54 35
937 72
997 84
985 3
400 87
111 211
230 128
257 209
152 61
480 63
533 210
908 101
632 77
55 83
797 156
270 109
749 90
87 113
920 49
63 36
63 91
688 219
423 186
413 22
560 182
848 85
777 6
775 51
707 149
920 99
515 187
8 176
333 9
10 130
981 106
728 118
143 53
787 100
998 206
324 187
506 55
974 219
117 15
165 158
733 93
824 207
894 218
821 203
628 8
428 132
463 150
139 10
630 18
573 11
448 144
700 187
17 94
807 118
637 169
821 111
888 154
596 183
114 86
971 54
464 43
637 139
945 166
504 41
900 141
217 8
50 108
217 192
730 67
754 80
490 91
213 5
869 216
284 8
719 147
862 178
489 207
323 177
3 90
841 127
892 119
485 16
706 95
378 160
45 53
693 91
123 212
159 213
580 143
425 53
693 210
88 174
915 70
886 143
320 97
425 208
626 170
776 37
595 31
446 68
763 117
448 113
811 215
782 41
149 159
388 185
408 203
302 224
364 56
232 104
963 174
261 29
338 204
15 9
329 201
448 178
184 1
568 158
757 60
631 3
194 133
822 122
939 211
101 79
774 86
186 141
203 40
966 203
642 83
579 195
406 123
943 218
550 44
837 17
386 56
994 33
374 77
625 73
180 121
336 88
144 25
188 165
594 30
799 155
695 64
783 141
785 211
569 132
983 143
669 18
319 218
65 35
899 147
652 31
280 208
222 99
895 154
741 104
158 176
718 65
402 167
780 104
67 20
860 42
991 210
859 167
391 65
160 197
919 188
126 157
175 162
471 169
578 32
940 167
539 122
233 33
671 154
204 15
146 217
628 192
377 143
10 83
482 14
260 173
934 118
905 107
784 30
446 2
108 146
340 93
39 29
97 205
365 215
786 220
974 32
21 146
364 197
806 224
751 29
932 61
520 146
154 29
815 93
877 177
67 12
411 144
342 205
115 200
183 29
644 182
126 54
494 224
913 95
178 168
841 74
110 96
384 27
636 99
579 20
376 85
908 166
114 167
684 97
678 94
766 110
355 2
443 47
950 223
499 113
435 80
758 88
732 69
217 221
792 212
818 132
33 4
942 102
701 133
134 118
787 207
410 109
968 212
298 133
691 72
615 130
629 207
96 201
699 165
630 93
583 23
369 50
780 183
