900
900
796 35
642 71
810 24
365 33
426 139
391 115
27 34
121 90
631 97
581 150
682 173
255 79
100 102
649 178
559 102
419 117
65 123
933 139
641 117
538 199
614 214
316 188
473 32
173 136
6 18
2 209
68 152
850 26
252 91
798 54
906 137
988 173
653 198
356 72
975 39
238 55
814 206
327 77
108 173
184 193
490 57
938 113
924 19
102 102
357 138
705 154
991 173
494 89
361 187
970 170
700 148
313 224
808 153
111 101
317 172
519 33
760 83
991 15
307 177
978 125
775 9
843 98
95 16
74 1
407 90
475 114
456 190
130 3
937 25
961 210
204 109
490 155
924 97
8 182
937 140
651 19
985 218
475 92
617 218
116 88
509 101
770 46
938 102
510 50
181 4
674 48
149 8
588 204
22 24
560 222
181 7
942 3
10 102
916 56
272 39
746 121
260 138
830 179
632 173
310 179
226 116
712 147
96 108
108 53
440 220
371 106
345 205
912 50
603 42
788 199
60 27
123 63
273 34
479 179
664 50
490 78
586 170
43 219
617 164
674 147
794 108
732 19
514 192
817 14
33 193
314 47
503 103
105 137
827 141
795 175
172 136
343 109
324 76
999 74
996 217
372 145
621 164
900 10
331 148
266 101
830 183
325 202
277 125
902 185
805 208
610 207
780 54
637 206
522 222
545 85
612 207
527 149
515 111
11 143
692 156
128 211
802 126
84 11
977 128
410 130
979 214
619 63
731 15
498 3
765 111
888 108
423 164
482 29
663 114
453 50
901 160
663 193
785 182
950 1
491 11
458 160
932 221
605 60
597 21
38 138
179 73
777 34
841 50
397 35
379 212
504 145
807 81
189 158
454 95
295 43
540 117
224 171
308 33
506 115
822 144
197 20
110 202
432 206
997 154
30 103
745 131
521 84
997 53
909 44
878 162
220 112
320 57
220 179
916 95
973 26
248 56
482 52
970 45
166 49
842 157
439 136
917 139
455 16
833 74
278 137
321 36
916 4
375 65
499 148
824 224
461 95
472 221
970 67
380 163
989 49
1000 23
308 85
169 66
862 193
206 215
518 15
599 204
266 132
870 10
653 31
313 11
702 59
250 8
961 98
67 86
435 170
26 74
556 50
526 1
834 103
770 142
449 74
120 211
229 77
817 75
570 132
79 90
89 159
441 135
790 28
293 151
50 84
287 35
736 55
582 81
939 196
148 222
384 7
568 100
4 215
116 198
57 51
86 211
286 140
885 219
53 17
483 22
222 143
745 159
813 147
104 55
570 58
83 113
850 55
189 219
363 171
895 113
863 118
527 18
386 168
225 90
397 165
708 219
897 118
647 54
580 52
137 179
930 141
852 180
173 203
853 56
324 140
426 131
226 40
620 28
862 43
671 206
860 98
51 50
402 36
261 88
694 72
981 132
925 216
939 158
183 207
166 104
73 128
314 107
311 208
760 36
98 199
365 123
34 75
82 160
127 178
816 105
903 148
511 136
681 204
428 221
474 105
131 6
71 220
335 88
558 58
337 22
902 152
777 186
223 81
432 64
603 91
682 79
695 221
573 204
403 12
202 88
317 1
465 125
23 212
340 116
719 73
9 124
188 52
661 98
252 191
967 101
757 152
787 192
210 170
983 143
614 80
887 81
10 219
265 25
99 61
24 132
786 97
152 214
596 149
471 127
697 139
518 74
186 160
240 107
290 189
925 176
571 89
377 40
984 68
22 107
488 2
208 36
36 127
929 224
889 28
355 148
339 78
348 136
905 215
49 173
496 176
50 104
896 48
266 214
401 29
549 83
79 101
164 16
970 25
260 134
186 180
197 50
457 122
57 196
81 26
404 172
834 99
965 143
378 25
206 30
447 6
469 52
133 33
22 197
196 175
434 35
499 69
108 118
797 41
670 153
232 212
791 56
292 71
125 61
433 141
505 36
720 32
999 177
969 3
522 218
536 42
947 55
827 156
427 75
121 188
882 127
520 198
103 59
988 114
379 12
948 102
951 197
676 72
764 137
488 30
65 149
503 90
255 83
388 22
406 171
455 98
644 129
845 71
10 64
740 7
126 89
520 110
697 58
782 153
894 80
790 138
852 218
160 92
887 191
345 177
343 140
876 99
105 219
454 88
611 183
191 2
472 80
37 4
988 200
52 46
540 120
348 156
375 113
753 152
99 132
103 14
74 51
577 49
813 62
237 209
53 5
756 62
583 74
228 34
306 166
681 219
926 148
443 49
202 49
545 95
459 76
316 18
358 47
38 69
412 125
724 165
179 36
135 146
753 156
561 23
181 43
4 85
319 72
913 96
467 209
845 125
675 26
832 181
837 89
102 107
31 144
997 79
798 46
144 18
984 156
194 6
45 208
48 179
578 65
637 101
662 111
407 38
251 28
420 144
383 201
961 162
852 220
771 27
906 10
8 92
141 4
216 170
714 88
996 50
717 122
32 31
146 78
599 93
311 188
829 120
507 192
135 34
513 224
238 126
579 79
120 126
145 42
401 171
612 13
683 131
142 102
807 169
923 52
206 23
493 173
698 206
321 66
898 213
114 33
283 16
360 36
607 136
473 6
330 147
990 168
772 77
133 40
459 153
807 91
881 190
528 13
440 209
574 181
747 83
972 220
125 63
108 115
782 105
767 206
512 72
201 172
852 41
346 176
803 156
70 134
306 213
569 14
142 192
35 2
8 125
856 127
46 171
373 136
341 154
46 61
322 195
217 188
552 187
839 21
368 143
371 220
376 84
92 82
470 39
464 22
664 125
414 37
540 142
860 111
276 167
992 95
814 194
727 118
10 48
909 59
197 25
716 211
318 224
148 7
773 200
324 59
375 78
212 153
779 132
854 192
676 37
885 98
376 28
110 197
622 109
367 77
546 143
959 134
357 148
556 157
328 49
417 124
230 71
666 16
141 196
955 109
376 73
810 35
635 11
425 97
726 13
114 225
521 127
785 145
974 50
1000 138
902 224
482 134
964 100
574 146
268 69
61 166
173 12
618 123
496 195
692 62
583 65
411 160
961 161
691 196
548 168
677 111
798 206
861 160
208 1
329 224
950 176
106 156
185 173
750 127
929 203
721 123
339 88
879 128
770 182
617 160
145 27
932 186
60 176
194 63
992 44
719 193
677 222
244 208
497 52
845 38
383 25
915 167
261 150
236 202
910 192
640 209
879 14
292 87
449 53
253 22
214 110
46 207
181 23
917 45
870 174
700 75
976 25
361 97
978 225
735 43
214 200
412 130
911 196
545 120
807 22
535 69
338 75
442 204
286 15
694 141
579 121
896 139
459 192
379 42
973 63
51 106
349 64
862 198
30 137
556 77
966 17
167 41
513 69
41 193
285 168
859 29
913 51
108 54
538 213
5 39
303 169
221 8
746 180
829 47
401 80
231 82
836 87
165 7
616 27
784 172
57 207
461 60
985 107
365 154
611 4
149 183
269 110
11 84
298 74
393 191
965 163
441 51
920 77
416 53
231 50
66 2
92 200
785 99
220 151
437 199
511 144
431 139
59 30
163 136
107 144
377 91
340 78
728 196
867 213
596 55
408 179
44 195
832 1
436 71
440 129
450 45
683 181
893 25
684 81
356 145
812 164
752 107
949 97
119 91
57 159
428 163
743 152
832 159
707 14
562 124
817 124
33 114
258 187
264 95
185 57
257 84
953 11
279 156
497 75
465 157
368 91
811 75
761 174
896 52
185 213
292 213
122 145
842 18
718 131
90 133
829 124
201 56
388 123
82 200
893 93
653 137
178 98
51 193
550 192
65 211
445 182
627 60
720 53
353 79
226 111
910 3
781 54
209 80
4 199
164 93
126 92
238 60
388 20
747 62
324 19
682 77
939 72
865 201
749 25
972 60
279 157
472 61
812 157
804 96
758 110
130 40
246 194
884 179
834 185
769 221
948 53
232 137
72 83
821 9
105 175
684 123
81 3
130 32
363 38
142 138
662 67
92 48
283 79
40 158
14 138
255 199
592 83
370 185
634 169
512 179
397 152
629 108
430 79
169 41
951 71
430 42
113 191
204 106
630 120
953 179
682 179
162 71
407 191
