900
900
180 199
148 190
410 168
107 55
884 103
568 209
251 164
466 125
173 196
308 53
866 106
210 39
651 145
244 177
29 163
983 180
970 32
253 1
732 181
144 78
166 126
346 27
592 94
479 50
348 190
367 34
298 222
126 80
83 193
924 197
550 213
69 145
482 223
739 127
144 4
519 141
748 1
71 45
613 10
631 136
68 180
606 159
716 216
458 53
596 107
84 153
997 34
578 32
413 111
271 225
533 209
653 158
631 151
332 167
917 176
387 113
908 190
599 151
266 140
502 189
463 137
627 75
499 32
457 162
981 185
673 78
685 133
26 34
271 27
439 205
411 93
323 186
36 27
19 30
100 12
288 158
713 69
196 131
67 126
295 96
48 122
672 87
831 83
871 110
6 103
835 156
183 197
459 183
955 137
888 166
747 177
9 188
520 102
131 101
183 217
488 222
45 173
624 84
82 136
688 167
669 221
27 108
433 149
666 74
828 186
33 45
870 75
997 76
732 192
376 123
923 161
451 133
804 209
578 74
217 29
4 76
880 76
490 43
445 55
565 88
309 207
82 74
832 3
308 204
162 134
576 172
717 32
756 148
119 91
94 2
456 37
2 60
29 85
688 120
100 162
127 131
348 36
790 56
338 79
337 90
173 175
403 133
214 219
591 3
578 123
40 182
10 18
799 142
542 188
601 34
905 221
746 130
374 115
427 39
505 165
528 38
362 124
226 165
390 153
288 95
233 196
891 153
717 191
231 144
309 79
893 66
988 157
651 47
611 192
970 40
497 118
534 205
313 101
522 39
694 157
939 37
880 162
302 205
873 141
25 143
804 96
938 101
86 118
836 9
751 211
576 197
172 120
473 160
146 134
140 201
577 179
116 94
843 45
156 25
979 100
396 215
216 165
293 167
372 85
649 44
293 147
467 64
79 164
301 144
31 83
702 110
59 218
617 34
975 126
711 160
869 186
464 133
151 77
585 181
407 213
163 54
66 159
255 69
510 166
991 110
591 163
158 180
653 88
43 37
503 125
472 222
679 213
912 187
515 157
163 46
751 185
495 83
148 95
934 160
791 56
817 83
238 223
380 76
312 156
747 220
319 79
680 42
646 69
512 189
999 77
175 41
464 137
777 147
331 156
103 131
440 211
103 216
12 85
677 92
775 67
92 216
992 19
48 70
202 181
363 181
60 180
907 206
350 89
691 101
921 93
839 171
472 196
436 163
989 220
89 159
2 155
399 207
278 116
754 42
982 161
792 167
8 124
701 93
961 150
119 136
860 175
970 126
55 178
602 2
146 148
960 126
968 136
896 140
155 36
464 104
664 211
624 58
766 132
182 42
24 14
211 187
405 176
512 118
361 194
255 171
760 123
828 15
171 169
306 219
349 89
348 202
811 116
954 155
939 6
336 135
166 182
208 89
62 187
726 169
612 20
530 183
301 153
380 53
234 188
502 105
361 66
637 3
80 172
890 224
76 208
664 131
753 165
973 84
613 119
461 69
699 41
196 31
147 157
591 188
452 205
137 18
854 84
214 66
793 144
810 191
795 2
719 169
239 112
859 115
127 161
564 63
148 11
902 194
62 178
254 205
786 35
74 83
718 36
443 21
811 174
637 63
316 140
864 23
173 4
541 67
653 32
493 170
807 194
582 184
342 137
242 98
451 124
932 143
880 44
818 127
129 61
706 200
6 106
15 172
290 96
651 201
964 43
429 137
661 56
586 182
39 78
127 191
10 13
452 195
277 116
375 67
928 76
233 116
948 149
236 178
825 133
349 110
475 124
840 33
947 208
431 101
706 9
370 138
424 43
371 162
371 216
1000 61
721 117
546 22
222 177
390 52
546 105
525 63
135 80
229 134
154 215
677 106
977 11
740 2
482 30
481 216
866 152
54 83
707 141
938 136
204 31
597 211
547 107
611 74
545 82
419 77
449 37
961 132
97 64
63 216
840 190
806 203
970 126
954 36
342 49
464 154
125 17
767 38
763 127
336 30
356 193
977 105
444 135
105 53
796 98
726 205
329 138
999 74
482 105
229 3
710 162
61 152
907 37
715 186
644 8
418 36
18 198
137 40
768 179
625 120
960 47
342 112
163 87
72 198
316 128
418 129
775 200
818 168
97 151
905 152
94 114
80 17
277 219
404 186
835 66
315 199
140 151
865 54
370 21
480 201
610 177
701 102
879 150
902 131
402 193
434 49
474 25
232 11
275 218
619 79
505 168
145 152
936 81
328 178
356 1
770 19
790 128
243 98
342 144
627 125
251 205
553 105
626 139
649 36
752 200
807 219
659 66
772 128
447 168
247 77
218 129
21 142
865 105
857 120
598 54
206 93
723 160
830 128
800 101
794 118
486 136
781 180
581 36
669 145
35 217
176 94
957 87
847 11
489 60
623 34
629 118
888 125
631 46
643 132
155 89
356 123
597 204
401 91
106 37
329 40
841 1
61 191
856 108
732 105
849 83
719 7
366 58
198 39
438 193
512 159
140 61
644 170
805 7
873 1
342 98
732 113
774 187
633 130
341 167
52 108
525 19
161 37
199 72
754 58
606 184
280 3
872 149
903 38
140 41
767 188
486 30
486 17
241 1
206 14
400 58
931 113
575 46
529 5
361 137
234 17
88 86
625 198
526 25
33 34
74 16
993 97
130 138
131 135
533 199
803 160
586 150
576 123
437 88
268 73
260 60
811 24
10 175
957 21
478 155
86 22
916 104
360 222
58 190
613 182
82 222
612 128
988 47
306 37
804 192
864 142
201 91
136 8
802 212
984 214
155 12
516 8
285 95
454 102
59 101
405 101
910 186
16 18
269 113
854 208
715 90
226 182
654 127
618 66
705 197
373 2
561 200
67 203
380 189
81 207
705 185
760 127
843 4
909 193
634 206
124 110
535 15
285 126
13 225
425 186
283 182
263 120
135 19
309 16
154 42
720 140
805 215
738 87
401 191
52 103
664 21
259 6
576 114
590 150
804 32
727 119
982 176
631 155
75 97
918 14
473 66
541 198
198 149
703 107
142 216
192 192
482 216
329 72
215 136
562 16
897 7
570 76
842 76
788 185
613 70
872 66
318 198
232 169
454 210
964 154
833 109
527 16
156 202
304 26
724 216
47 105
543 139
934 90
961 114
516 156
78 72
560 167
981 162
805 29
419 72
106 128
191 15
596 12
646 192
61 194
41 17
428 147
153 202
800 224
265 34
398 150
604 126
44 214
248 86
223 45
364 114
786 179
609 64
950 156
378 75
313 208
568 24
62 140
825 144
417 185
958 193
256 65
920 15
539 119
210 89
765 106
302 56
287 98
233 221
128 75
313 146
456 39
598 169
863 225
161 1
774 154
113 137
209 143
79 153
989 197
340 54
223 213
102 183
39 115
311 147
240 33
808 205
843 205
153 5
15 41
634 45
20 59
154 207
681 67
498 166
42 222
866 212
592 89
56 195
388 124
247 10
647 217
770 201
52 210
718 21
362 200
967 33
717 159
838 70
579 201
221 117
139 33
427 159
792 200
498 3
156 154
194 27
664 194
77 113
398 199
749 72
236 75
927 219
265 88
806 218
359 123
186 168
359 14
53 115
427 149
743 210
914 71
875 66
140 150
359 200
112 56
686 40
119 99
486 5
246 103
358 98
92 140
869 218
396 172
120 25
874 83
125 8
839 194
448 25
665 102
322 209
816 81
427 104
937 20
37 84
48 184
885 201
844 109
566 46
168 215
964 157
276 89
691 89
629 137
650 184
256 177
125 19
800 62
726 192
880 104
153 196
370 58
893 146
224 50
501 87
992 52
111 129
319 83
168 195
718 158
724 224
652 59
942 59
686 201
931 9
248 26
221 154
524 113
337 21
743 188
163 195
54 140
281 107
36 54
770 114
710 214
726 176
298 99
656 121
752 65
792 195
903 11
517 217
409 77
22 49
484 42
229 57
289 221
461 60
438 193
286 159
882 65
954 56
367 150
934 53
518 91
195 23
313 189
876 157
22 6
22 183
274 55
205 85
644 197
944 94
506 207
337 208
792 96
646 56
522 45
82 197
735 176
673 162
80 83
346 99
568 112
