900
900
691 82
416 203
744 149
12 210
327 65
244 23
919 88
413 178
998 8
902 145
881 38
188 211
746 221
248 159
41 22
549 158
761 44
928 91
969 178
445 104
160 175
986 119
665 22
662 132
178 23
410 188
849 62
363 60
577 197
305 83
835 1
28 128
890 99
236 82
406 162
822 196
631 10
565 4
856 153
233 197
237 48
616 122
350 92
499 180
904 19
5 225
195 202
197 202
881 147
859 117
627 75
715 186
751 163
177 121
140 96
173 167
75 9
605 53
384 57
46 69
556 222
349 144
336 179
257 89
110 169
89 193
551 43
290 203
922 148
829 71
925 139
721 82
675 199
572 30
339 98
545 196
623 77
336 175
334 126
172 55
826 141
193 8
696 122
372 110
424 180
645 161
145 160
361 14
419 101
986 172
761 79
249 107
850 214
51 33
645 152
728 126
288 188
739 130
568 23
476 52
88 171
934 70
470 85
657 131
384 147
827 218
221 1
951 1
936 154
979 57
449 145
403 216
605 26
279 113
164 119
193 160
101 76
574 158
584 26
306 8
37 86
984 31
380 71
176 207
601 85
193 127
653 23
98 16
720 56
74 164
914 115
485 61
269 86
558 14
183 12
550 190
789 123
102 211
593 145
558 142
925 79
863 56
761 18
484 95
759 203
663 1
807 118
999 27
311 138
109 69
459 43
663 169
9 210
351 3
620 19
817 185
72 100
405 31
632 63
785 189
218 43
183 68
493 174
263 129
96 198
693 117
567 20
667 102
567 178
581 83
84 111
177 219
694 93
410 41
562 146
618 212
995 155
481 92
798 88
711 45
181 41
597 15
745 167
326 218
60 216
898 59
251 90
712 216
635 8
859 100
497 122
150 135
978 58
334 67
702 113
651 59
447 14
119 140
311 179
359 210
314 192
324 220
687 94
245 122
300 15
431 157
565 93
785 67
887 169
355 84
199 123
652 117
352 76
213 21
146 149
76 20
152 103
18 56
550 156
960 126
351 94
79 167
972 203
300 23
988 95
329 221
313 166
638 29
536 198
980 65
104 24
927 112
126 152
422 11
890 155
546 158
932 26
391 146
804 79
537 108
144 95
55 125
215 56
709 157
996 28
459 122
952 56
98 7
583 10
82 209
933 224
950 79
904 200
264 197
49 93
768 62
634 12
794 54
232 53
954 40
235 30
871 142
252 55
411 32
52 45
169 58
35 205
288 77
148 155
687 192
693 121
456 214
914 75
51 34
261 80
408 194
289 130
285 110
825 183
973 145
737 102
105 146
51 212
356 18
780 204
128 7
438 9
175 82
401 84
595 168
418 31
130 141
933 89
624 6
469 171
422 87
966 160
864 63
53 194
33 166
404 67
68 64
774 25
701 156
894 130
140 196
937 93
942 122
819 197
565 72
399 49
916 15
470 212
64 187
468 159
924 217
308 51
559 146
923 195
978 99
617 110
178 127
650 2
652 46
1 39
278 149
481 126
305 78
447 27
400 138
434 147
841 9
266 200
666 160
927 215
59 36
605 73
260 135
106 157
469 20
917 43
295 52
703 97
376 133
523 135
599 71
699 61
168 177
403 169
635 25
242 191
960 191
6 168
511 28
564 213
145 88
761 105
710 32
125 80
869 51
767 205
717 99
225 222
270 175
399 28
688 190
942 61
951 24
789 145
646 152
447 215
113 27
298 192
414 26
229 80
62 37
393 160
622 101
386 51
149 219
873 86
558 38
959 23
269 211
365 51
738 3
460 23
656 3
52 155
523 58
871 185
350 93
811 209
797 205
735 11
813 33
594 39
181 116
46 137
174 180
677 17
233 60
325 144
130 116
260 92
216 64
284 193
178 96
205 165
34 145
704 43
709 77
402 151
370 4
311 219
637 161
120 70
901 224
569 214
653 195
153 7
268 125
548 101
799 59
956 223
437 16
874 83
729 201
678 166
285 24
919 177
710 212
219 168
848 223
12 54
567 26
693 206
143 11
714 201
625 130
947 141
766 154
31 72
257 222
820 33
14 67
230 90
450 156
493 57
332 119
196 84
5 190
140 200
335 28
157 184
700 209
434 90
269 99
457 176
854 194
275 124
966 54
786 31
754 221
463 154
938 116
776 79
852 183
93 177
968 114
208 62
33 57
650 107
689 189
919 36
155 142
668 54
585 52
242 137
981 21
658 148
604 213
758 16
910 194
861 15
598 78
668 87
876 148
7 216
197 32
338 138
328 212
81 212
887 167
157 84
195 2
698 176
771 30
756 176
421 12
44 198
758 109
153 148
680 20
655 66
153 173
599 168
107 141
839 71
808 107
453 107
938 118
399 205
844 152
418 99
923 26
915 12
18 29
388 33
742 98
212 27
889 23
263 65
95 202
466 50
875 3
617 10
74 178
210 118
313 55
261 44
217 209
93 117
612 192
301 43
577 222
698 61
566 42
613 26
612 206
366 38
294 9
853 48
637 44
208 102
145 202
513 66
515 63
336 205
910 17
972 131
395 97
788 79
55 84
672 40
273 172
171 220
286 159
57 82
757 199
277 85
457 137
255 73
668 88
736 217
958 188
25 90
156 3
731 84
403 70
204 103
759 171
6 124
96 98
660 43
549 21
364 106
164 78
377 53
418 78
639 1
962 176
251 196
487 128
253 210
465 78
228 207
85 128
380 7
345 93
862 68
37 150
6 137
368 215
450 198
846 171
131 203
591 175
888 66
866 192
485 188
501 114
84 9
831 66
507 184
864 198
190 222
770 108
483 129
535 159
617 29
83 65
366 135
14 219
499 103
256 184
582 77
43 151
829 172
60 46
918 151
56 26
44 169
298 13
423 115
449 39
61 43
472 105
495 166
100 1
431 173
829 196
831 103
320 123
523 222
472 122
223 122
187 198
768 15
987 1
507 160
672 160
895 169
284 198
390 12
695 179
704 81
570 163
985 48
477 19
729 141
573 10
585 61
188 96
863 130
117 190
603 98
65 72
302 59
512 195
259 179
986 97
255 105
538 188
195 48
967 127
677 2
734 68
516 213
631 167
735 111
885 201
168 192
844 141
110 170
796 65
832 101
21 72
525 157
785 200
551 129
552 155
541 22
883 179
560 119
973 42
596 209
102 101
645 141
250 26
639 63
237 219
923 42
75 23
553 62
519 52
930 181
415 20
686 118
550 86
83 180
256 225
476 142
73 94
179 100
745 89
894 52
968 164
147 16
585 187
5 220
177 218
567 30
835 60
272 200
989 5
224 66
141 36
890 206
779 119
19 184
745 34
865 133
383 218
650 143
17 95
150 10
128 147
822 194
879 200
470 90
633 3
376 214
75 88
666 206
2 12
931 62
413 23
42 54
394 120
192 18
68 129
825 209
798 223
567 149
488 127
930 41
596 77
334 195
922 126
757 101
12 184
497 87
704 59
415 132
867 30
555 8
900 63
201 113
702 141
91 219
958 153
923 148
630 184
312 190
25 164
3 84
47 171
325 111
852 171
511 151
97 135
7 28
312 113
34 196
62 86
481 99
121 125
435 40
926 179
851 68
368 65
773 124
543 135
885 198
33 214
97 27
936 133
726 169
66 79
389 199
878 186
947 4
761 92
843 29
284 177
292 22
157 90
706 203
41 202
580 192
66 96
387 63
296 73
561 119
935 225
301 85
241 44
303 162
277 137
209 114
458 214
514 37
565 178
65 65
615 179
8 143
27 147
613 186
844 53
43 78
764 71
915 102
236 225
432 149
20 204
659 164
344 192
144 190
881 144
340 28
538 100
447 111
735 44
403 199
196 121
340 73
431 220
581 190
136 70
616 48
230 93
744 136
900 158
700 157
185 140
762 108
21 178
7 2
778 18
962 15
253 180
509 225
202 67
681 98
115 66
411 74
953 87
689 39
209 207
125 142
206 40
522 214
779 181
180 193
270 6
6 48
75 201
630 126
390 132
974 37
196 101
751 162
153 158
709 208
555 174
909 55
453 99
852 61
149 141
344 63
283 44
175 190
737 51
198 88
59 203
765 202
711 217
778 215
752 206
782 79
926 197
877 164
220 63
28 153
797 193
290 220
437 42
847 84
412 130
