900
900
919 163
617 69
912 36
169 189
588 96
26 44
396 68
742 193
89 3
939 62
38 120
852 143
960 149
476 177
612 189
226 79
212 79
108 94
970 130
206 203
190 35
971 23
870 68
775 190
709 1
970 48
564 215
55 132
356 14
631 218
908 200
512 142
155 93
624 216
202 102
330 70
807 32
826 60
986 151
155 203
67 127
963 168
796 94
73 84
632 203
516 144
467 124
603 213
7 90
963 70
274 151
804 41
878 65
392 173
36 153
101 207
954 199
106 224
827 222
944 53
464 87
164 74
383 65
227 28
804 201
77 203
281 163
386 46
83 73
163 215
809 79
286 66
924 162
845 115
877 193
51 116
895 217
598 107
171 150
618 8
248 4
735 125
981 74
903 112
115 98
85 138
311 88
153 131
642 34
849 189
906 147
662 43
104 7
754 117
421 75
261 132
988 113
945 44
115 93
269 42
48 206
881 38
803 141
674 160
8 208
589 192
2 111
468 7
781 94
773 168
276 47
543 73
202 215
623 37
729 218
100 14
296 223
4 128
778 108
683 50
290 184
933 37
105 169
31 191
851 20
826 101
341 60
221 93
357 191
329 198
590 143
844 101
701 180
422 7
331 192
197 173
675 218
913 50
453 88
185 101
42 65
972 8
324 12
776 188
697 67
789 82
672 220
205 16
755 104
223 90
243 211
362 129
745 214
605 34
68 16
399 122
802 61
16 223
390 7
448 71
891 161
98 159
412 30
178 79
290 22
656 110
360 164
838 94
394 159
680 53
526 127
284 45
770 204
44 22
626 181
477 50
403 99
654 122
963 181
428 191
3 168
352 198
978 76
371 52
584 81
296 69
118 85
467 107
705 72
665 80
851 135
217 70
39 13
546 95
882 77
9 1
443 83
44 116
650 223
590 99
769 48
779 55
298 216
247 122
562 157
86 7
921 85
846 168
950 153
581 160
122 215
314 37
184 198
286 181
74 134
348 17
325 185
419 6
126 72
644 98
980 132
851 218
37 108
661 35
328 66
862 112
963 119
692 130
988 66
77 114
719 3
112 190
490 151
520 117
717 136
674 204
28 125
954 28
381 215
732 202
816 60
95 2
483 104
78 184
443 103
271 70
720 15
930 134
865 171
929 135
222 192
9 30
737 205
527 72
637 77
105 198
620 142
992 212
819 149
478 132
823 13
96 106
268 94
519 94
191 197
901 60
283 39
478 63
797 72
840 58
266 145
177 136
216 103
745 115
129 147
337 129
644 63
443 30
258 153
54 136
559 120
355 179
804 132
796 54
330 200
4 35
398 96
786 147
312 37
520 14
314 195
472 48
848 31
885 10
969 54
164 31
899 110
517 105
771 10
465 78
775 63
621 4
69 33
319 95
146 6
402 114
272 118
510 161
843 62
268 93
70 102
611 28
372 49
981 186
992 23
825 71
488 38
74 192
614 132
43 53
403 127
574 158
622 92
62 36
810 82
446 75
777 69
45 189
838 214
740 61
988 222
193 188
43 195
241 214
2 173
61 134
821 12
913 71
956 142
205 99
911 149
390 84
987 202
699 197
428 22
568 205
323 147
316 40
138 70
119 23
489 15
417 220
159 216
897 154
473 24
236 93
449 101
496 152
993 224
595 149
906 103
953 1
346 114
778 49
34 85
36 159
560 76
999 152
128 20
940 221
299 6
408 218
957 153
185 131
483 224
888 210
958 173
198 212
149 63
367 193
832 31
837 154
328 155
455 99
135 119
75 19
374 168
765 196
476 139
528 122
903 92
460 36
807 38
113 109
879 165
754 163
392 179
850 146
967 27
407 7
373 103
169 93
51 145
822 151
826 101
527 133
672 76
932 33
961 88
230 118
130 71
133 120
515 117
65 175
411 53
94 83
799 128
299 169
794 146
304 220
211 137
367 118
95 19
75 130
255 219
800 104
575 81
226 218
527 205
761 224
69 159
837 154
8 110
535 184
291 59
795 157
72 74
916 15
92 134
63 195
475 26
143 145
37 24
637 8
31 42
481 223
23 40
129 149
318 26
959 213
445 6
311 103
914 166
108 203
207 47
690 63
912 120
463 40
427 180
184 29
924 84
706 183
715 108
620 132
974 65
89 181
112 65
244 183
449 207
144 219
900 62
725 35
469 62
622 65
382 155
139 115
842 194
270 157
888 191
383 224
981 170
313 217
710 106
378 83
343 58
595 179
399 4
33 174
524 172
502 143
562 216
688 35
734 82
900 108
720 214
123 156
708 62
33 170
74 206
143 13
643 136
362 127
541 179
558 36
641 117
334 95
389 142
898 116
310 54
4 48
613 185
114 192
721 21
944 212
723 167
538 27
14 14
515 158
995 18
188 140
120 142
274 96
400 217
808 25
2 202
887 141
935 143
778 158
381 153
312 79
589 208
433 212
442 60
453 213
290 167
146 214
745 224
416 2
290 204
751 220
521 143
222 184
339 147
748 109
831 206
271 115
973 119
175 160
905 50
854 152
72 144
323 162
667 210
437 60
179 60
852 109
387 46
894 80
549 195
939 93
858 27
967 16
745 168
157 70
254 114
883 210
947 218
536 109
92 40
47 131
174 165
921 22
715 29
815 63
77 164
687 53
478 129
348 222
250 175
749 190
64 203
162 19
997 15
163 77
699 57
918 179
528 125
791 81
99 116
457 88
880 49
641 189
708 48
431 215
988 178
586 117
626 156
164 49
952 155
731 185
385 13
592 9
404 124
969 49
971 216
350 176
406 127
430 139
796 125
184 98
394 84
78 126
772 136
124 104
69 181
888 192
350 135
804 83
746 139
398 187
797 19
622 16
690 15
730 12
96 1
788 29
97 55
636 183
442 35
915 70
758 134
542 97
73 21
174 80
927 64
412 164
15 61
394 94
865 70
725 80
479 67
279 96
868 94
449 136
292 103
911 138
453 122
107 78
767 110
561 19
176 30
918 160
535 110
581 85
101 85
796 187
965 141
139 18
508 158
404 48
920 26
492 91
439 125
417 118
705 104
922 73
695 217
117 48
144 30
276 16
536 65
50 146
15 78
338 39
555 6
960 186
659 219
483 170
934 181
570 32
118 56
658 136
120 31
744 46
412 118
831 6
106 195
466 218
393 181
411 127
300 168
500 158
934 203
904 137
919 10
663 152
751 80
422 124
585 38
751 145
29 130
571 146
843 48
235 106
296 54
23 122
806 76
871 191
165 112
738 77
487 141
675 20
497 50
782 190
395 105
280 2
790 78
246 29
524 179
631 183
991 89
472 32
939 120
786 143
326 6
831 86
644 147
748 64
664 91
869 122
297 128
103 200
454 95
162 95
41 120
899 115
237 94
954 67
774 222
539 72
39 121
45 63
964 55
267 100
957 135
334 163
201 54
153 139
968 149
923 112
789 137
251 114
637 200
426 102
986 111
554 8
341 152
912 118
520 86
57 186
399 141
272 137
412 163
395 199
3 106
164 167
518 165
851 221
997 114
173 92
147 113
726 181
213 174
445 133
460 194
575 87
251 10
130 112
6 79
266 225
237 215
979 160
571 26
599 37
215 10
262 108
947 64
390 213
690 167
871 3
932 1
162 209
871 128
513 1
202 64
568 162
707 150
579 148
284 70
920 31
423 216
79 37
194 168
839 102
767 15
984 143
607 210
781 17
119 153
841 48
122 83
576 162
257 177
754 99
615 93
433 41
770 94
356 191
175 214
894 172
928 173
9 181
483 156
82 132
5 155
332 213
743 94
822 220
746 124
478 13
93 220
654 105
909 213
245 1
831 169
849 202
906 23
296 210
808 5
361 34
278 56
245 24
177 4
894 104
508 79
47 69
328 225
470 163
969 82
679 199
25 4
661 195
661 123
65 94
459 208
412 14
189 45
675 109
669 65
200 216
184 55
767 193
620 124
639 160
960 178
385 160
402 153
826 31
33 42
350 103
980 96
944 125
133 143
950 220
661 83
31 174
829 193
183 36
91 145
363 42
149 54
197 69
402 172
936 165
138 53
527 146
715 125
431 183
118 186
892 85
649 42
272 196
903 6
7 78
201 6
414 124
784 170
212 197
560 26
759 177
