900
900
703 68
556 71
869 181
19 3
865 44
723 13
963 97
743 172
355 67
990 45
647 61
142 199
125 89
959 75
170 18
291 79
503 170
147 180
72 128
5 39
140 1
738 196
222 15
722 146
817 181
754 4
781 137
140 49
760 127
452 80
239 110
673 215
476 65
63 22
740 149
143 133
319 44
648 18
991 34
414 170
463 199
70 127
9 90
248 204
738 16
347 11
915 110
638 148
134 99
711 106
62 10
748 103
649 123
600 206
917 12
486 42
147 146
429 170
388 181
482 14
497 146
399 113
704 209
545 5
131 99
409 165
429 145
93 183
459 114
459 157
666 208
341 162
546 194
934 45
451 171
518 141
63 177
124 103
372 95
392 115
360 224
293 49
247 40
320 180
790 105
547 22
17 100
250 35
972 32
399 25
921 118
168 96
223 173
187 121
616 40
819 66
30 24
65 29
323 24
599 74
789 119
412 198
902 143
973 225
179 59
556 199
782 142
483 201
381 62
985 187
371 74
624 222
945 46
521 125
774 159
379 78
78 175
647 161
841 186
142 124
237 43
653 63
640 131
783 199
462 221
496 5
574 223
708 142
286 68
555 9
512 73
760 88
905 198
184 85
810 51
61 63
338 201
470 103
994 225
218 95
656 218
73 173
470 131
874 72
705 94
363 183
513 39
121 224
416 154
359 50
201 44
137 116
833 124
771 28
469 79
169 95
86 178
990 141
93 49
709 205
483 134
586 93
308 225
309 158
100 159
770 164
481 203
708 42
126 27
231 126
91 41
668 91
211 88
138 103
146 217
979 167
408 40
510 197
475 64
22 7
1 128
182 190
771 76
530 193
805 34
420 182
67 175
115 79
968 196
812 185
356 47
675 16
45 215
529 224
180 211
248 90
6 223
231 111
225 5
433 180
154 203
391 40
381 110
179 108
399 112
858 109
133 217
704 170
41 137
980 82
408 149
317 152
901 67
244 81
727 30
406 216
206 148
271 172
518 121
357 3
550 119
93 223
436 16
129 173
922 10
938 26
825 55
307 103
358 89
922 145
185 180
54 106
571 81
232 180
792 13
328 16
291 12
113 187
535 134
723 191
727 154
132 60
473 125
404 187
201 7
290 134
257 77
461 23
182 26
158 20
398 222
492 218
186 76
459 24
29 60
880 2
351 83
50 181
517 107
182 25
159 207
390 209
50 51
113 13
114 6
284 222
882 153
700 206
814 224
771 105
772 58
497 200
169 155
86 93
80 213
670 23
939 197
619 208
863 161
921 98
755 212
794 120
419 196
489 102
12 103
406 180
767 222
591 46
590 57
585 216
330 33
181 6
923 224
749 106
1000 95
831 186
857 114
529 48
697 82
420 120
980 15
254 50
121 174
137 177
602 175
986 70
897 30
378 208
583 188
303 163
710 207
699 141
787 213
424 73
872 25
524 98
69 220
875 186
325 3
980 182
865 192
349 145
280 192
738 199
679 100
761 39
243 71
39 1
516 175
400 28
857 160
786 223
600 182
772 171
5 108
580 131
11 176
816 136
483 52
443 97
418 134
24 161
36 95
774 202
483 17
974 112
355 172
160 79
718 211
302 118
955 117
488 60
671 215
477 203
761 26
749 133
705 211
261 177
71 100
712 56
877 177
743 61
731 153
738 202
555 50
600 9
658 80
62 16
158 129
347 28
318 211
647 192
675 63
521 105
231 38
136 91
405 217
262 134
455 179
513 102
269 82
389 223
820 42
793 43
225 44
190 52
314 36
954 188
866 56
245 139
702 12
693 167
73 112
188 111
450 102
644 222
564 37
389 17
563 151
920 109
660 86
940 2
828 193
988 111
819 156
402 70
609 83
536 194
606 161
540 91
997 121
674 150
993 146
242 157
653 188
627 198
916 69
945 167
464 174
136 177
98 148
2 55
654 223
63 108
190 31
839 41
788 167
339 154
175 173
832 224
79 98
424 203
969 167
973 51
509 51
858 167
189 55
971 122
534 36
164 123
960 150
413 105
952 225
984 52
676 105
655 188
876 94
549 218
602 95
313 138
240 60
998 199
81 215
145 198
333 79
699 41
969 72
973 25
329 216
369 73
788 19
77 222
988 3
671 142
700 87
144 135
363 24
392 108
337 108
143 106
363 205
912 135
864 213
690 201
501 169
898 136
555 150
461 75
847 40
275 159
715 63
185 17
318 125
83 40
257 75
704 112
316 60
638 201
735 161
119 65
567 187
501 44
40 47
389 118
488 55
102 200
901 117
604 94
319 162
248 202
580 10
726 200
157 128
406 52
348 14
938 146
931 199
947 175
230 89
781 67
114 106
921 96
928 6
162 2
51 195
536 221
58 65
718 156
269 132
74 111
507 171
929 66
575 152
588 97
956 118
215 211
772 135
323 26
185 114
453 65
181 5
102 203
585 159
62 43
606 193
992 17
39 203
336 175
225 148
207 3
622 170
578 129
749 6
161 149
796 202
220 23
680 83
181 110
495 177
129 30
529 128
59 97
517 168
772 161
551 142
125 55
897 30
746 35
901 178
23 162
844 100
649 89
70 144
707 18
33 30
282 121
48 204
938 127
547 222
706 60
580 166
121 211
496 183
78 130
566 146
912 137
600 122
608 165
390 124
608 60
76 123
582 120
373 17
40 216
748 216
466 11
112 37
878 139
780 51
47 62
73 129
378 24
661 201
897 102
96 29
594 28
866 104
1000 162
622 221
948 43
806 188
548 191
935 211
770 107
604 212
68 96
713 123
229 198
450 190
809 1
273 105
646 94
129 167
60 14
831 90
209 165
942 197
186 207
920 131
665 172
296 2
360 144
283 223
803 166
669 47
729 142
610 132
236 161
134 201
621 33
597 207
47 208
437 14
935 97
326 63
74 179
806 171
43 194
567 177
769 79
129 198
557 166
914 186
177 141
866 123
419 100
73 23
899 108
846 18
784 120
977 106
981 86
464 158
218 153
232 95
310 142
220 196
392 79
161 76
531 63
25 83
592 138
377 1
141 73
244 117
237 25
193 17
937 76
236 218
978 63
419 140
618 163
481 46
975 177
603 165
772 59
558 189
587 127
135 209
991 1
804 173
437 96
332 145
722 216
723 75
175 147
822 2
858 215
258 145
601 122
650 103
528 90
767 37
629 37
232 46
240 206
685 82
537 176
65 96
108 103
971 117
548 88
781 62
519 176
725 67
836 34
690 159
666 208
819 57
589 119
853 186
878 12
463 200
918 149
116 140
167 77
927 51
513 191
949 116
126 119
537 223
617 124
385 36
80 51
115 116
112 56
893 60
582 174
567 83
38 207
61 178
828 24
665 127
709 189
977 211
781 135
370 94
247 38
185 111
960 66
30 35
244 7
848 127
442 152
773 160
753 207
986 17
981 148
195 24
425 152
428 218
361 67
81 213
960 158
589 161
301 36
45 209
318 148
232 158
712 58
456 100
558 45
885 193
672 100
608 106
607 7
636 104
117 23
880 158
935 167
53 5
170 125
919 122
249 101
214 67
201 110
72 208
773 52
274 31
873 175
126 156
877 191
13 114
800 170
449 114
8 38
913 169
58 112
109 22
791 134
385 84
120 50
42 1
720 95
7 203
813 129
801 44
588 130
209 177
986 137
735 222
416 132
192 157
194 126
245 139
613 25
72 26
501 201
797 108
740 187
60 207
729 190
299 87
208 43
232 139
463 192
685 120
831 189
313 135
534 108
388 141
625 217
579 13
54 41
121 210
78 189
160 117
472 114
887 159
698 117
597 173
260 8
811 146
782 53
392 2
123 173
978 145
749 168
627 143
918 41
179 213
365 95
220 13
928 25
952 11
170 99
580 98
694 159
302 17
483 197
296 164
440 187
16 32
840 217
105 181
73 187
656 67
214 175
329 175
55 166
932 48
982 177
650 166
456 134
104 28
497 154
947 7
652 10
821 65
423 87
50 93
955 20
990 4
932 41
325 21
858 187
894 199
344 97
625 184
561 215
320 53
125 201
566 71
828 9
357 6
221 26
923 85
41 35
337 133
708 198
770 214
977 211
61 67
187 45
968 128
866 188
5 204
380 70
64 99
192 188
