900
900
683 137
97 119
765 167
995 139
254 49
898 97
438 211
261 1
495 194
383 188
49 161
416 173
922 63
181 215
6 193
481 180
686 60
821 191
156 215
812 174
32 128
617 51
737 96
561 117
358 141
783 136
696 78
255 147
357 121
355 53
270 117
437 8
318 219
106 189
591 145
820 76
756 134
786 81
134 61
582 225
859 182
993 191
811 115
750 159
116 75
775 68
582 133
125 220
118 208
64 151
967 183
249 38
279 217
6 33
92 194
314 108
833 111
604 63
482 161
770 41
781 147
767 79
569 174
62 218
278 35
197 66
621 94
842 65
463 219
961 111
371 94
863 125
315 216
177 153
419 4
367 81
898 48
353 158
764 137
347 168
112 145
509 124
268 206
680 79
339 9
13 55
733 42
238 75
784 42
385 218
152 108
990 157
311 61
352 33
879 115
927 138
759 148
969 38
468 165
685 180
627 213
522 186
840 175
815 46
164 158
694 190
60 190
715 80
881 67
26 70
693 189
830 176
398 121
47 123
777 168
252 152
63 36
98 87
846 115
243 83
848 166
759 130
686 133
741 26
598 146
345 105
261 171
585 207
277 132
217 193
5 222
409 46
880 97
55 172
212 103
487 44
301 138
119 189
279 144
735 42
917 130
306 6
597 9
566 43
201 168
768 42
573 30
877 210
209 217
852 76
907 138
585 223
934 109
979 210
679 84
629 34
57 84
827 213
96 119
291 44
491 11
280 50
898 53
261 217
991 16
169 185
387 62
75 60
452 67
235 109
887 193
644 46
842 49
320 67
24 121
207 151
75 18
883 55
424 117
934 199
915 199
104 140
601 57
193 189
384 168
908 34
985 225
910 186
166 171
595 135
469 207
513 103
80 201
662 106
772 96
328 176
476 32
440 206
940 113
132 116
841 153
523 182
449 212
513 215
487 213
497 14
719 220
103 49
209 129
169 89
403 91
667 6
244 76
863 120
126 187
780 161
151 129
768 48
733 130
956 179
491 107
891 6
376 96
199 128
988 71
567 215
384 173
914 191
706 59
750 203
125 39
903 123
865 49
632 157
502 152
679 155
620 202
984 34
134 100
10 87
113 135
327 80
967 51
912 97
735 135
861 175
179 8
248 221
107 27
231 168
99 91
379 38
207 219
495 98
865 185
850 41
245 37
121 25
430 78
702 201
291 10
173 71
756 210
614 91
687 155
983 180
60 201
636 55
253 173
165 64
285 145
246 12
465 36
113 137
361 92
315 213
772 198
784 158
184 212
522 120
585 166
238 37
673 123
743 182
451 180
432 1
822 221
280 113
934 10
187 93
322 179
372 35
702 83
472 44
199 70
751 29
618 103
493 136
207 130
505 88
154 211
206 111
794 95
18 182
632 1
81 72
582 157
542 64
464 166
817 36
383 63
969 109
385 86
783 63
270 10
841 120
641 23
572 5
822 147
680 37
831 143
230 162
998 120
691 15
114 70
451 53
75 24
548 193
206 26
944 182
121 7
434 10
607 51
270 131
906 27
677 74
164 151
586 197
293 78
890 175
479 139
807 210
539 139
688 193
727 36
270 119
765 52
841 102
272 64
690 208
642 152
543 220
582 168
812 30
214 192
617 110
850 135
566 172
1000 206
777 54
453 189
294 154
55 57
847 90
11 223
499 7
215 104
150 95
398 169
202 120
809 99
612 217
643 154
102 5
111 156
609 177
191 117
175 65
354 203
99 220
128 175
866 114
742 110
559 176
539 46
112 161
854 113
246 88
363 123
704 26
375 192
945 59
343 64
803 142
779 217
778 153
582 114
144 55
485 189
100 82
511 58
250 75
184 174
766 170
619 36
586 11
230 117
419 154
850 207
84 187
838 7
330 189
968 215
769 182
16 179
134 182
436 221
975 14
616 107
276 7
74 154
85 82
819 125
903 134
849 174
972 200
627 89
811 181
414 128
853 208
289 102
734 224
153 141
522 167
102 113
987 102
812 122
495 215
200 33
493 127
741 19
742 32
217 147
813 50
110 62
229 197
335 213
676 150
593 168
841 41
744 224
586 216
793 39
983 214
135 198
251 174
868 121
918 173
588 62
914 33
986 115
835 38
196 81
656 114
135 70
898 192
787 78
110 213
708 63
571 36
7 8
837 49
408 163
621 118
301 43
190 49
327 62
390 202
421 97
302 48
419 68
663 160
538 38
35 122
735 80
860 148
597 22
412 162
314 19
851 8
129 111
376 186
526 213
182 3
967 171
918 195
398 50
489 56
324 211
756 66
551 61
426 20
933 177
76 98
240 5
897 112
659 199
507 113
707 159
897 143
211 208
670 97
201 61
688 128
490 3
605 103
519 114
823 58
463 103
984 11
995 20
905 1
844 100
322 12
283 19
512 63
620 168
845 182
417 202
286 62
209 66
253 217
707 192
958 5
272 17
738 63
732 108
697 215
222 117
804 204
593 48
645 205
869 15
511 108
680 35
538 129
186 64
371 75
861 29
820 64
956 153
125 208
201 203
247 98
386 221
52 184
513 32
945 100
17 131
547 225
58 10
94 104
787 43
815 105
200 65
9 95
221 6
97 212
396 47
891 144
497 30
234 124
646 138
674 133
954 149
167 21
57 68
392 37
95 26
671 25
870 205
830 172
932 108
665 203
575 58
237 70
96 201
770 212
645 60
774 75
760 75
82 169
86 140
479 120
252 208
445 125
937 31
64 90
915 17
891 46
228 188
37 1
571 184
33 131
226 172
617 92
341 24
313 194
279 42
385 187
218 59
366 22
316 178
945 98
155 163
125 14
902 38
656 79
634 33
324 214
55 176
39 165
129 132
733 128
26 164
954 145
908 142
623 178
757 54
550 87
338 100
784 115
890 53
970 71
130 140
508 58
729 214
339 171
493 61
754 25
593 106
133 160
11 100
726 53
958 105
817 139
450 180
278 181
851 148
221 214
597 37
141 117
545 18
849 101
651 12
980 61
886 1
855 79
654 170
802 134
713 42
425 95
346 123
43 102
411 198
8 85
907 114
594 69
217 70
822 117
371 208
470 12
897 37
105 89
95 37
677 136
893 114
180 106
811 104
674 130
449 99
835 163
385 56
907 160
628 36
883 141
126 96
50 158
750 202
736 124
948 176
368 54
499 188
491 110
197 78
139 123
631 78
914 60
753 18
857 118
499 166
296 66
527 214
644 202
280 103
236 130
503 124
86 180
969 26
142 100
73 139
186 42
169 161
289 32
837 82
730 225
146 31
730 213
404 48
794 35
994 24
614 122
911 178
75 118
275 69
263 162
831 97
784 168
703 68
488 134
687 123
506 93
772 31
114 86
327 42
397 99
700 4
911 170
653 30
741 118
498 177
999 166
958 164
941 224
913 215
569 80
430 215
517 28
274 69
649 141
826 144
257 38
838 49
355 148
597 195
841 55
999 190
587 56
773 148
413 113
430 212
789 15
444 207
775 161
168 205
65 177
485 136
968 211
115 127
618 60
935 7
474 222
529 35
481 149
736 158
234 69
862 224
858 124
29 32
19 207
889 206
8 145
435 168
928 49
567 212
4 18
536 3
833 98
433 37
205 145
297 102
310 20
151 83
450 1
10 218
736 4
993 114
385 72
654 188
907 66
160 137
93 189
276 108
772 162
847 153
428 98
126 172
243 139
123 55
82 128
613 156
996 199
880 23
606 6
62 64
265 70
1 220
763 200
291 106
656 215
869 108
737 123
299 63
234 87
859 70
682 225
214 41
645 69
585 135
853 129
267 94
155 110
300 223
34 79
448 220
308 184
699 4
207 209
393 157
684 180
637 67
807 102
554 183
719 10
386 197
445 199
694 60
348 91
10 144
189 18
963 190
768 150
345 160
661 84
137 20
369 69
561 157
659 199
501 83
722 189
161 52
41 187
611 196
663 77
40 27
581 127
530 104
91 56
921 129
920 20
160 82
833 133
921 24
70 116
55 13
857 82
976 219
575 123
585 154
389 46
923 173
830 73
987 170
906 122
61 178
854 174
858 85
68 140
688 84
69 129
866 25
773 31
811 210
568 16
202 124
632 86
87 131
259 105
108 8
547 161
