900
900
165 165
694 3
414 159
583 33
943 176
632 143
394 89
310 21
662 171
718 147
760 59
852 7
823 127
574 51
285 214
180 116
720 182
659 207
876 220
615 200
275 31
399 80
655 30
233 196
965 45
160 71
463 50
629 127
425 46
630 7
835 152
120 135
532 36
197 22
349 19
750 22
659 26
517 156
341 188
500 189
356 55
758 147
300 97
591 8
982 24
982 110
386 62
148 197
370 211
29 202
917 107
826 83
495 34
549 123
699 130
913 204
472 15
247 51
725 57
299 175
71 68
976 82
296 11
448 52
492 82
500 122
567 55
742 89
513 82
287 134
410 121
409 220
829 208
633 203
425 116
665 160
930 62
81 140
669 101
295 215
113 219
852 159
275 188
229 172
507 69
948 125
984 157
753 43
928 42
90 82
247 21
872 121
80 61
618 81
844 202
949 150
657 13
700 204
971 13
206 156
52 6
504 5
746 36
139 199
379 28
945 79
928 34
928 20
501 126
683 69
381 76
160 97
505 94
821 120
661 195
905 50
136 63
456 198
737 38
628 108
898 180
959 92
219 189
482 125
51 97
12 170
293 39
692 91
8 207
481 35
147 197
741 32
67 145
821 127
975 118
668 153
209 220
484 22
77 118
55 184
32 128
915 72
403 17
348 213
708 49
635 51
955 53
649 140
295 188
336 170
456 199
343 155
371 112
78 24
579 95
137 82
286 4
724 49
817 188
28 42
831 133
42 122
55 53
539 57
543 205
928 108
782 14
497 67
577 6
851 18
754 88
177 45
634 209
860 24
515 34
223 45
627 20
29 121
376 93
241 149
222 16
441 108
663 168
490 46
509 26
468 122
208 132
181 128
34 220
257 24
680 183
888 44
933 156
985 174
632 9
222 118
1 213
672 39
59 180
602 121
461 100
871 28
417 70
924 111
803 221
386 34
538 174
296 175
285 113
217 59
777 20
827 18
912 189
615 222
279 132
172 15
639 95
372 206
214 155
935 75
663 66
434 63
122 122
267 214
374 55
248 210
413 194
127 30
379 11
181 211
566 33
633 54
753 98
39 3
513 183
773 196
795 99
328 196
737 197
788 67
487 210
68 144
788 1
105 172
641 118
51 191
258 44
517 115
874 212
892 2
342 69
275 112
161 189
738 19
165 148
500 86
420 138
950 116
249 53
812 19
158 81
833 155
844 42
261 21
118 63
343 146
632 164
343 165
600 108
949 47
583 41
374 138
960 129
620 225
319 190
576 33
854 191
642 5
703 74
234 23
471 172
432 141
541 184
434 148
816 89
246 182
231 16
575 17
644 113
369 101
614 31
989 36
917 174
270 5
323 194
339 143
525 206
537 53
864 215
465 120
647 56
483 29
452 173
395 173
471 16
588 50
445 75
61 57
610 133
86 206
734 139
514 45
918 94
17 124
521 202
140 79
325 217
103 78
396 27
339 57
206 190
811 4
864 66
58 98
208 143
600 132
536 19
987 178
83 213
20 46
574 8
93 164
763 88
133 131
650 88
251 98
491 115
741 56
269 109
463 208
117 138
53 5
762 210
976 19
863 98
595 219
62 158
28 157
826 184
67 114
917 187
722 202
611 30
352 30
525 91
230 190
112 52
82 64
272 173
808 160
537 211
833 83
772 78
280 90
325 37
894 10
10 206
545 175
142 106
363 63
897 69
353 194
808 26
261 99
579 118
994 103
174 102
242 161
175 68
371 206
52 214
45 214
1 128
378 145
847 14
80 44
935 92
513 220
335 69
384 125
186 12
881 94
82 128
414 126
72 213
348 74
416 85
492 205
70 71
775 8
632 56
303 185
161 165
764 170
967 78
879 6
274 14
803 192
783 9
812 206
302 127
226 97
931 188
72 145
224 77
552 61
487 135
842 77
273 129
708 155
308 209
42 17
540 27
287 93
969 221
207 39
711 54
799 89
745 1
358 97
312 45
813 139
966 165
159 22
277 86
616 147
645 6
133 179
521 116
860 206
384 194
16 205
998 197
137 113
642 148
927 3
901 140
43 105
921 185
813 3
962 205
383 105
842 7
72 148
875 45
200 46
488 19
671 64
71 120
394 43
735 213
70 24
756 130
424 59
701 36
922 54
981 114
351 44
823 201
753 189
320 184
453 5
512 88
933 24
199 107
961 165
137 156
587 90
895 165
267 68
638 76
591 30
89 105
33 156
593 160
551 108
693 53
121 42
931 131
782 141
936 125
758 56
4 199
763 208
546 197
985 188
459 174
638 205
275 93
977 201
22 65
873 21
577 195
905 15
411 48
774 220
840 124
501 13
591 45
77 16
924 58
531 212
23 198
423 81
633 87
719 199
643 200
124 81
744 96
126 78
711 120
769 132
839 194
115 26
702 194
631 64
210 145
381 121
715 19
451 213
960 66
364 121
574 156
692 147
538 13
622 108
754 137
353 41
571 60
530 132
353 156
125 103
70 219
805 8
657 188
941 61
944 10
473 148
241 183
210 168
268 154
961 54
846 127
328 6
744 87
609 107
11 217
178 35
916 147
335 212
797 215
414 152
56 1
143 214
556 113
540 152
356 12
564 23
941 157
614 2
735 35
441 152
148 134
696 188
397 90
37 6
744 61
649 21
53 203
360 59
703 37
509 179
346 118
155 173
379 188
631 199
417 118
40 31
150 206
725 172
897 48
991 90
402 199
184 43
509 174
455 94
756 110
429 212
116 214
755 128
977 18
662 77
631 195
493 37
749 80
424 177
456 219
901 113
157 99
855 211
363 206
914 190
161 26
292 70
838 184
370 170
259 40
956 118
138 147
81 52
431 27
503 189
643 220
982 127
391 215
585 71
923 113
745 106
233 76
527 130
508 86
687 49
591 59
695 95
13 89
311 64
737 131
592 137
820 149
282 87
879 47
225 114
486 54
386 36
601 207
159 221
626 67
514 45
328 39
517 14
819 207
470 27
812 88
881 153
234 1
487 119
612 102
498 175
664 184
82 25
131 5
296 77
797 36
291 82
122 30
892 36
895 213
873 116
672 86
304 37
231 64
775 75
770 24
86 23
878 71
607 81
30 184
718 8
522 87
580 67
881 147
312 116
494 7
235 184
162 20
289 94
859 140
274 93
305 102
451 58
96 88
563 152
222 52
36 51
125 197
719 6
123 79
568 45
957 145
940 22
428 63
901 122
575 167
53 23
322 83
100 120
345 83
654 162
291 120
732 112
970 57
946 18
293 72
982 55
662 171
244 110
425 102
203 66
2 14
466 52
966 112
418 170
506 68
607 191
316 101
227 68
405 33
362 217
562 64
690 159
403 222
228 90
778 151
176 108
525 185
479 83
497 150
410 85
299 180
765 90
549 97
514 30
829 43
856 173
332 105
102 129
411 163
280 137
920 220
18 154
441 102
434 74
115 214
40 105
779 114
471 101
701 179
12 162
353 222
827 127
920 91
456 188
978 170
172 129
630 58
408 45
203 137
725 145
362 69
618 1
180 39
727 103
51 43
838 71
907 191
583 186
66 134
901 191
124 135
869 102
876 141
48 150
49 101
361 72
984 194
640 135
80 6
66 90
538 151
12 68
365 120
805 207
779 215
779 27
263 112
686 78
598 46
841 190
350 183
700 109
19 106
612 55
679 69
114 43
274 34
640 27
998 184
348 186
729 134
475 107
431 218
178 135
58 138
22 180
26 19
582 108
634 8
745 64
350 164
96 27
467 95
920 5
760 39
448 82
695 183
702 151
733 45
662 77
548 136
988 1
696 37
458 197
606 75
840 134
424 86
441 209
937 94
559 192
18 108
71 172
690 143
125 65
522 101
356 123
373 123
700 101
889 58
455 1
103 147
960 122
487 93
995 197
242 48
49 20
921 142
979 220
846 2
892 153
93 103
846 73
428 189
871 47
24 136
406 195
305 216
461 70
438 163
180 143
706 167
338 116
607 24
525 205
309 45
746 129
892 23
605 161
419 42
225 4
913 191
62 94
789 151
998 9
789 132
184 163
687 80
394 96
915 104
442 222
188 207
334 201
547 167
887 111
555 125
728 176
921 214
641 116
327 101
157 20
209 134
761 20
