900
900
957 174
214 196
964 34
478 161
583 50
163 171
635 172
613 189
751 68
715 215
427 187
855 218
910 216
275 44
594 120
40 33
217 213
915 44
478 214
884 128
728 188
400 79
63 158
913 88
433 136
1 147
362 54
537 168
23 221
315 218
963 125
581 162
199 14
629 11
731 39
770 54
946 63
397 8
172 151
759 174
367 15
382 88
978 10
133 46
951 116
350 80
149 118
743 158
653 174
216 201
453 65
708 201
823 103
631 118
425 219
607 86
998 58
42 9
167 174
651 95
110 57
441 50
558 160
861 218
33 128
579 113
886 6
395 171
229 109
27 55
264 199
254 188
238 56
734 196
976 67
284 196
295 41
151 147
429 63
901 185
369 211
804 120
126 184
701 170
278 223
74 9
430 169
46 160
486 102
668 184
322 198
417 179
811 41
657 6
81 87
189 35
930 188
556 168
149 138
633 126
293 120
990 183
997 151
74 54
944 152
9 199
13 206
622 70
242 99
583 99
117 67
425 101
443 30
901 96
26 112
872 141
818 83
762 98
165 121
528 146
170 185
422 74
465 204
55 66
688 3
960 69
800 161
19 27
279 118
456 151
709 163
292 42
496 35
284 158
203 146
734 189
834 57
344 10
353 142
489 181
567 4
349 67
945 201
792 209
358 211
948 28
462 209
545 182
326 31
508 174
458 220
77 163
288 65
692 119
865 189
943 157
744 208
806 12
551 136
363 65
19 75
221 14
376 181
506 155
623 140
5 8
988 184
524 14
176 8
639 45
234 162
368 222
138 172
878 55
833 65
595 19
125 44
885 187
117 133
927 31
446 40
781 113
288 14
679 82
239 222
20 98
447 221
618 73
474 97
997 163
263 179
283 140
772 2
415 42
32 204
171 22
307 214
932 117
984 213
349 79
373 95
468 95
318 180
781 18
118 154
413 212
431 69
579 126
51 115
19 205
481 4
58 63
667 60
95 142
73 164
452 40
232 173
389 88
971 159
951 78
407 20
153 44
695 189
469 106
586 109
59 89
116 76
90 126
642 97
356 73
980 57
185 173
708 124
428 22
850 184
906 74
158 188
406 159
189 61
823 186
118 14
554 142
242 59
997 47
593 59
618 107
825 68
814 115
421 198
405 192
197 91
377 44
880 3
601 181
738 182
744 87
129 95
467 1
123 145
699 106
713 168
336 181
551 56
431 132
369 185
407 132
120 142
961 206
932 48
378 149
493 120
408 67
276 137
324 37
959 88
741 128
508 109
626 21
221 33
565 33
518 100
710 117
639 30
888 73
840 31
299 78
351 216
906 163
89 202
401 155
135 62
904 137
731 112
644 59
843 149
355 117
409 81
97 65
994 108
807 165
980 156
713 24
59 189
777 194
396 32
360 29
344 101
419 209
131 139
797 43
178 219
67 192
255 76
470 60
106 14
503 180
324 195
658 212
226 135
949 220
429 151
638 192
920 87
660 96
441 224
289 216
851 136
565 115
418 197
56 199
550 71
384 157
400 105
291 198
600 184
741 211
401 170
617 115
146 44
252 196
937 193
735 68
473 198
949 45
957 83
718 212
66 101
615 67
862 35
993 144
40 125
411 183
934 182
133 159
857 29
860 4
283 191
982 136
735 14
712 138
748 14
479 162
192 118
42 119
507 196
334 63
903 61
559 187
214 170
243 204
850 32
830 207
144 201
368 94
137 58
389 47
225 129
875 94
430 180
930 122
683 48
666 83
526 76
479 86
986 75
312 90
35 206
271 82
705 169
197 183
839 45
54 1
104 91
660 128
94 107
504 216
598 159
202 23
442 4
748 63
764 5
436 175
677 43
138 42
988 96
351 136
829 48
303 16
265 117
571 116
205 145
110 72
921 67
222 71
636 166
655 63
542 113
738 193
204 46
594 180
989 22
15 70
727 172
953 122
409 204
983 96
142 206
265 12
771 136
123 15
332 203
856 70
979 145
7 55
847 32
55 31
734 109
886 162
463 221
328 119
64 213
985 95
162 26
913 218
953 80
745 148
408 137
609 219
465 163
482 184
122 31
310 124
861 74
165 170
629 193
477 225
594 79
680 176
895 72
179 121
657 110
202 27
651 169
73 51
397 148
791 127
782 186
888 117
879 161
744 170
463 187
900 70
641 207
853 23
694 129
928 221
26 90
799 110
100 174
489 165
505 39
482 111
667 61
96 168
121 106
683 139
505 74
826 93
992 104
633 38
712 110
647 149
857 83
496 54
405 202
773 5
209 151
557 67
575 154
10 16
269 9
218 199
367 176
914 116
904 210
976 225
961 52
664 158
637 128
137 63
968 24
520 52
364 188
42 197
826 16
896 97
683 61
478 36
900 161
791 203
440 207
974 18
924 205
131 98
726 35
831 178
601 115
87 87
307 216
35 44
658 67
399 143
644 14
259 88
38 23
684 151
610 179
577 94
221 145
675 79
667 103
650 165
311 172
953 217
871 47
401 214
210 10
117 157
504 176
772 99
97 107
169 80
3 16
183 26
213 113
267 120
379 22
104 219
621 148
448 168
329 39
811 1
770 95
247 215
614 123
418 112
306 113
177 116
886 21
914 218
711 87
199 100
228 159
364 148
669 160
971 201
765 83
210 118
172 162
140 25
289 127
860 77
507 40
783 77
730 33
852 117
172 138
460 32
209 204
997 154
109 133
990 51
889 190
907 35
46 166
474 179
448 77
803 47
35 8
989 94
100 92
646 178
238 136
368 207
972 94
407 203
580 95
191 80
559 131
466 69
739 149
959 38
497 65
986 114
985 11
470 182
117 77
315 197
520 185
564 191
606 112
234 145
640 6
978 211
76 131
616 115
337 140
164 38
375 49
826 54
181 13
232 206
646 89
474 213
98 159
607 26
425 96
845 177
913 36
242 50
231 46
680 65
787 69
223 13
647 132
720 57
591 212
982 75
149 5
14 80
966 185
242 88
694 186
894 118
26 109
319 14
873 59
286 70
40 135
319 71
764 41
914 143
219 35
764 60
770 118
120 136
342 57
408 125
594 202
108 102
269 182
270 205
18 180
130 43
966 77
653 67
866 89
567 62
973 172
818 148
459 57
748 205
209 18
493 33
541 4
971 69
413 131
680 192
786 131
537 61
813 70
432 159
361 201
920 203
374 200
493 95
133 53
479 100
469 167
558 45
541 75
391 125
772 97
869 209
422 36
815 209
605 26
705 198
926 179
417 194
804 15
22 185
762 57
473 168
751 121
152 76
166 160
168 13
562 9
970 149
380 73
778 201
584 132
498 65
344 164
837 137
232 204
690 123
209 78
636 225
644 36
533 166
37 158
126 160
375 149
570 26
153 20
583 4
193 199
22 143
570 218
724 211
998 34
284 162
918 9
902 26
819 223
513 23
598 15
959 8
60 219
93 71
658 209
103 201
732 191
936 167
509 100
47 57
219 81
501 120
894 83
536 105
290 128
839 122
638 133
315 118
196 8
359 45
823 7
980 174
97 18
410 65
679 168
634 165
276 36
977 2
348 139
299 51
940 162
41 216
281 142
21 2
986 217
632 4
688 153
248 58
536 140
28 30
332 107
725 17
555 102
461 179
976 53
849 21
709 210
415 68
114 33
487 190
682 101
890 116
747 155
864 197
956 39
550 103
75 71
719 193
525 195
238 173
98 94
455 189
423 111
904 43
431 67
867 25
924 190
684 92
556 99
456 152
110 121
545 99
514 3
139 152
24 136
479 223
135 150
406 221
204 67
671 2
611 179
74 78
412 9
739 222
912 183
213 189
229 90
874 52
671 108
277 191
814 73
498 39
331 46
369 4
577 83
712 123
58 106
326 79
662 75
843 179
703 126
239 32
185 201
729 145
166 83
284 76
986 90
382 75
182 187
287 203
86 136
585 62
780 36
54 28
994 182
570 90
895 94
980 211
21 45
604 1
20 125
15 78
341 103
535 95
352 110
349 215
324 61
630 44
375 45
596 105
994 157
713 137
361 27
43 23
234 166
736 54
867 119
163 66
645 167
998 54
227 78
946 79
829 143
425 40
422 39
985 9
883 225
285 97
167 39
928 55
324 92
47 210
