900
900
637 166
845 93
451 176
331 18
817 4
168 192
395 44
789 221
782 80
157 77
272 78
796 55
315 203
293 30
20 204
645 32
351 37
937 30
964 215
827 196
696 67
155 84
734 214
292 173
743 190
241 183
145 137
292 9
60 25
43 87
422 178
76 10
431 207
617 29
218 118
409 70
259 80
128 16
275 7
570 165
388 25
483 192
36 201
717 146
444 211
999 52
635 92
896 197
909 124
514 58
19 218
700 152
777 18
138 110
889 221
325 59
613 171
228 37
525 95
331 197
108 215
387 144
459 152
542 175
105 68
714 101
701 145
68 159
710 65
145 28
990 116
565 182
777 86
985 55
125 211
653 223
711 168
754 118
412 220
890 207
842 143
936 49
337 99
829 139
859 177
658 223
495 144
947 126
227 88
158 41
724 205
198 2
3 129
18 195
400 83
224 94
755 170
81 11
2 125
518 57
712 35
157 100
163 155
534 204
820 177
783 91
230 180
647 42
831 179
712 14
739 183
574 22
979 80
884 89
884 206
536 153
833 15
644 52
518 188
584 175
922 30
393 219
161 19
328 118
396 198
16 162
826 216
384 142
45 65
216 36
839 36
581 179
559 36
13 175
445 36
519 43
643 62
741 155
691 166
695 25
510 45
821 62
849 213
59 157
926 81
687 216
638 8
239 2
281 103
773 30
388 25
435 96
848 64
666 192
269 82
662 30
109 172
762 105
118 39
872 125
123 188
154 198
897 212
87 94
66 181
720 177
610 96
82 111
118 94
745 199
683 28
974 213
58 139
847 48
435 113
71 85
80 136
717 95
660 97
804 12
661 30
986 78
878 46
53 198
225 190
826 14
927 159
775 124
715 121
682 117
424 174
550 96
887 50
391 40
32 204
341 98
61 213
225 189
995 14
840 186
987 215
993 171
549 75
300 102
427 178
955 158
412 111
458 81
668 45
603 203
37 85
139 156
795 155
657 67
753 30
439 5
180 127
797 27
297 153
434 16
210 21
583 174
79 66
709 109
805 121
374 131
50 21
575 17
339 169
819 188
464 108
516 188
822 99
781 74
812 58
517 49
185 99
362 98
727 8
713 38
748 126
630 33
89 145
43 167
901 122
200 203
745 130
678 142
387 196
512 209
383 75
825 31
693 23
479 37
286 210
998 42
11 217
532 30
407 67
732 123
39 9
459 146
575 177
960 78
166 108
539 98
1 210
716 73
326 58
369 136
70 117
795 144
747 142
578 134
503 67
35 3
420 128
707 168
693 205
226 151
157 59
14 139
291 16
608 24
777 173
805 54
479 134
777 197
577 151
544 174
582 198
520 28
1000 194
238 192
239 73
715 94
478 216
459 162
88 139
583 110
576 151
100 183
890 5
197 137
134 14
502 176
792 145
953 41
976 48
772 39
83 166
879 78
862 189
374 153
152 48
645 20
419 94
170 131
737 221
638 193
414 175
16 186
579 222
285 95
585 176
324 36
451 125
311 105
722 192
57 41
546 33
635 167
312 2
740 184
752 167
798 84
6 156
654 208
828 164
414 29
999 166
906 72
503 153
784 36
855 38
926 218
177 102
683 126
791 85
177 26
253 198
166 203
766 223
734 10
731 146
453 89
844 163
47 35
648 193
393 160
327 184
903 34
9 164
661 82
882 145
748 155
64 154
35 185
505 165
812 204
230 100
554 196
984 142
569 160
230 64
62 187
240 189
223 179
803 23
405 8
678 143
346 86
595 50
539 15
713 49
319 90
162 117
947 73
479 22
814 108
651 166
952 97
770 19
282 189
251 197
336 178
495 71
855 81
70 27
649 210
192 163
945 97
311 134
261 72
80 78
147 127
233 2
861 89
89 199
462 39
331 167
429 185
317 14
965 7
633 37
794 188
671 108
263 176
911 219
866 89
994 7
220 190
176 89
83 68
873 204
907 56
599 77
361 79
748 20
545 74
216 85
300 118
547 171
918 198
4 122
751 163
43 78
840 199
218 118
753 211
877 26
43 3
851 59
625 79
843 53
224 57
67 93
895 15
765 198
201 23
576 38
643 147
203 60
322 109
539 142
339 14
304 122
341 157
724 184
361 158
294 135
688 32
384 36
982 45
143 136
109 160
766 135
124 109
495 143
328 187
136 5
750 73
183 189
438 175
912 58
298 113
522 178
216 114
7 80
409 135
515 130
978 40
593 24
756 144
543 90
47 183
563 13
5 158
31 102
42 70
117 180
94 187
624 143
177 191
249 189
942 100
993 97
73 225
267 15
69 184
767 177
541 69
307 19
271 195
62 149
460 155
764 31
141 47
94 67
726 1
625 213
426 151
432 111
772 152
494 78
642 128
126 109
118 144
256 198
995 129
766 193
552 116
706 21
21 210
981 155
157 192
869 118
204 33
510 43
185 191
201 164
955 168
670 223
271 10
316 13
681 26
343 161
861 127
231 141
593 204
972 195
498 8
781 210
3 41
58 31
807 87
5 189
374 66
214 61
940 133
659 194
188 34
911 13
810 9
213 171
731 52
647 48
292 148
583 169
321 53
197 69
226 8
909 68
810 168
690 4
254 191
929 79
834 163
58 176
81 101
881 15
897 77
398 6
152 210
697 206
706 20
589 208
771 210
881 40
453 209
724 156
914 7
523 146
730 96
955 209
388 189
577 141
95 125
782 109
63 109
261 98
922 199
509 174
106 21
284 222
198 41
437 29
773 129
38 100
409 62
942 113
79 133
868 221
8 34
330 121
676 208
673 218
335 118
89 48
873 136
583 143
737 179
450 56
131 129
809 187
1000 218
625 105
895 69
152 40
49 190
294 81
63 57
353 43
866 161
135 41
944 151
564 101
483 170
61 168
8 53
407 131
294 60
639 153
369 19
380 205
531 82
317 97
177 128
80 72
60 80
651 73
169 44
310 101
105 220
758 42
273 151
165 224
677 187
268 80
968 133
432 105
684 125
777 54
449 163
157 155
752 205
649 81
646 191
915 16
693 5
917 60
476 110
598 113
283 87
926 108
669 137
841 205
18 225
765 61
131 139
525 144
258 148
924 106
390 27
894 125
101 56
671 198
330 120
741 102
704 94
643 57
133 35
200 95
479 69
156 161
499 41
216 120
525 45
598 130
641 26
312 186
752 54
388 190
45 10
354 218
255 112
86 156
299 118
31 161
80 160
614 74
973 14
73 35
440 82
219 107
777 129
934 45
843 62
163 215
537 64
943 64
67 155
716 200
496 173
664 49
424 163
929 23
963 152
897 205
463 66
687 76
28 118
817 210
476 97
424 92
991 122
918 199
631 145
261 182
976 76
651 8
297 194
298 53
215 25
983 131
699 125
262 15
131 139
464 219
2 159
891 66
534 84
720 147
857 21
465 47
242 73
520 72
103 159
720 36
871 179
672 174
36 166
42 77
257 36
435 190
58 188
796 177
133 169
648 51
163 108
953 15
247 218
904 103
633 207
103 89
498 107
962 131
194 46
725 1
56 211
729 87
956 150
47 185
857 182
970 211
772 7
57 149
645 64
576 115
5 96
702 124
761 17
856 128
208 113
557 174
499 30
221 170
689 39
197 128
726 154
125 157
458 176
515 214
344 119
834 110
43 193
901 102
935 77
338 47
705 166
904 152
698 45
98 66
330 30
928 82
132 86
597 84
814 3
95 144
657 135
540 66
627 182
586 39
340 119
547 165
1000 93
651 13
913 81
995 25
730 204
998 107
897 215
239 29
517 64
829 86
503 158
370 209
1 127
724 145
201 79
363 20
514 98
858 153
316 196
938 121
729 225
533 24
308 109
270 165
898 161
502 157
21 126
312 112
221 195
301 94
73 23
265 17
246 87
168 161
940 89
661 106
233 158
490 88
344 81
174 54
179 219
331 73
916 220
132 217
655 177
682 223
404 162
138 93
168 140
764 157
280 4
141 200
479 48
87 66
252 93
888 133
149 115
501 42
615 154
822 137
214 21
582 110
133 95
932 221
465 172
147 210
684 7
672 94
195 92
865 31
837 27
526 154
190 85
114 124
426 72
503 9
23 4
810 86
63 16
891 108
349 6
146 43
775 111
105 82
677 74
