600
100
596 113
99 138
578 92
703 78
143 42
105 33
451 73
126 50
809 45
107 140
392 74
168 51
307 33
58 30
193 130
870 38
844 20
426 72
961 128
451 5
622 5
689 72
129 65
371 90
361 130
381 52
655 101
754 113
483 62
895 26
243 116
815 86
435 42
859 148
72 11
202 143
567 91
116 46
57 139
337 67
20 17
520 124
617 24
338 100
437 32
127 131
347 141
468 34
885 27
233 6
339 136
648 6
676 113
953 34
601 139
852 120
5 22
645 24
997 35
425 135
566 51
815 115
843 82
750 27
960 132
682 99
767 81
204 95
796 56
230 98
796 32
720 2
805 114
125 51
698 49
937 116
451 51
232 146
384 31
372 44
314 106
994 30
438 49
226 33
56 56
981 101
537 100
2 93
415 127
493 15
27 131
80 130
531 13
475 116
643 48
961 106
955 104
387 143
502 63
625 7
420 57
759 8
8 111
1000 23
239 144
239 117
624 120
446 56
332 122
771 24
822 82
281 126
37 119
520 89
983 45
447 102
453 6
709 61
318 110
235 6
903 73
524 128
142 22
383 23
593 106
798 116
589 30
542 25
448 111
515 81
557 12
184 112
519 95
822 138
304 6
743 59
880 68
436 21
939 121
845 134
676 94
649 14
423 92
240 22
955 105
4 63
68 88
224 138
432 45
125 137
452 19
645 133
836 81
703 25
251 149
10 28
892 60
893 116
552 32
888 106
238 43
368 107
430 94
594 63
988 68
300 142
288 146
474 74
728 29
250 80
779 59
607 73
268 49
688 21
983 77
28 72
170 98
229 1
691 122
164 80
892 15
821 79
462 97
654 40
527 53
519 105
513 128
327 33
328 117
655 60
293 133
882 12
430 62
765 120
283 30
501 26
446 22
705 7
320 8
96 46
613 67
150 27
444 79
609 121
195 14
433 87
298 116
301 127
127 117
198 111
696 98
287 91
371 143
47 40
52 45
887 14
813 39
141 56
217 1
378 63
716 62
249 113
827 51
91 53
317 40
66 64
338 52
504 60
694 3
750 95
749 138
761 111
376 103
168 142
353 47
354 71
59 105
785 135
207 76
190 126
867 5
239 4
958 95
616 1
349 117
747 149
704 7
9 130
111 78
23 16
424 129
236 82
35 20
719 41
247 58
468 14
514 9
669 71
153 86
473 3
352 119
301 6
78 11
487 38
188 59
3 113
589 40
445 73
610 65
216 108
774 83
673 137
741 144
757 95
329 29
97 131
799 149
88 128
409 74
416 148
434 120
911 123
360 57
645 69
221 60
528 144
895 101
632 135
246 140
232 74
320 130
254 118
429 143
346 39
266 13
137 100
882 49
74 141
105 18
561 127
930 39
670 24
641 53
810 36
392 41
811 111
73 117
828 103
109 75
41 25
637 79
426 121
927 149
111 81
568 124
59 47
464 130
320 104
732 32
341 73
522 103
833 46
919 13
798 28
537 139
754 76
719 129
396 96
29 58
28 96
881 37
93 94
166 114
799 100
245 41
372 119
994 55
64 62
217 64
939 55
404 42
982 72
222 77
119 100
587 147
846 67
585 90
811 2
53 11
351 100
452 123
768 45
279 133
356 47
396 97
951 149
690 35
273 112
661 41
161 147
889 8
66 23
647 28
927 52
188 27
701 89
351 120
83 31
2 141
827 50
437 80
900 126
414 72
37 126
563 50
25 51
259 140
276 56
317 104
309 54
830 9
495 83
828 27
513 131
367 92
930 5
173 130
281 36
353 119
363 117
218 87
70 29
828 45
86 46
250 144
352 29
402 46
963 31
774 28
761 43
871 93
647 93
224 27
980 76
596 92
843 65
81 14
993 58
960 130
756 9
823 7
639 124
952 102
156 25
781 67
569 51
959 16
45 132
494 74
109 141
717 1
606 147
214 50
57 25
380 112
733 54
918 122
778 71
973 135
297 5
201 116
755 111
81 99
692 126
174 51
367 140
103 22
39 19
273 145
193 54
258 76
558 125
297 37
747 21
971 93
725 124
260 131
34 142
981 26
618 54
878 84
395 132
307 133
1000 31
527 95
287 134
822 146
310 118
234 8
90 6
803 116
79 112
348 63
106 30
190 25
185 19
58 79
750 16
12 52
998 90
646 84
26 67
479 37
936 64
95 27
620 99
542 48
662 139
162 117
920 1
841 54
769 150
682 71
317 95
972 15
935 117
598 62
435 79
998 20
492 44
746 113
692 89
161 104
879 22
472 48
25 113
901 145
914 134
15 81
979 88
545 15
306 94
576 40
274 75
461 118
721 58
580 64
548 142
117 26
766 41
575 140
605 75
286 68
409 101
100 137
990 144
3 46
490 128
387 115
854 150
232 124
757 64
338 105
255 106
82 120
98 7
161 102
131 47
220 41
99 69
629 138
315 131
735 6
560 72
270 16
673 104
339 29
17 78
85 123
186 119
995 133
175 5
985 107
953 6
548 1
226 128
491 90
511 125
695 20
698 65
835 70
170 76
151 86
905 87
160 140
105 104
725 29
661 11
288 15
616 35
16 141
714 108
733 74
434 129
294 82
743 30
853 14
357 105
449 62
294 111
703 148
114 127
29 126
487 116
91 54
502 58
295 115
667 79
439 50
157 34
583 2
563 138
515 122
142 114
533 35
924 135
185 39
14 13
867 150
528 57
954 29
766 150
595 82
978 83
531 134
468 66
385 133
253 150
654 46
215 136
