600
100
858 31
718 124
411 89
416 86
698 112
672 123
71 72
866 5
834 112
628 71
944 137
740 148
155 27
27 134
816 65
759 73
495 27
699 56
817 14
343 115
975 15
787 47
286 5
403 21
466 81
142 59
667 83
308 23
260 135
106 127
449 17
451 144
693 49
201 111
262 143
727 36
557 116
984 144
870 87
17 85
769 8
96 135
390 3
607 101
737 64
427 36
280 28
481 24
26 83
537 138
575 13
875 134
128 59
29 97
597 95
684 115
554 129
799 146
181 7
296 118
172 23
455 104
600 37
479 125
319 65
264 95
278 89
80 107
997 9
754 43
505 39
309 61
567 7
706 147
215 1
16 36
723 122
189 124
108 18
299 28
34 112
23 61
52 102
68 98
562 123
992 69
961 2
829 79
758 34
625 124
886 143
62 109
814 102
282 24
621 82
51 5
846 23
965 47
527 134
297 90
908 140
858 70
292 38
98 51
923 125
77 59
67 138
769 132
739 52
505 110
686 56
14 131
980 80
779 58
66 27
298 123
67 57
545 60
897 92
462 21
68 88
979 84
675 49
718 14
501 24
773 136
481 138
68 111
467 96
670 84
273 119
209 41
178 53
752 126
394 13
596 14
751 127
299 77
25 116
190 27
590 114
414 120
803 81
882 122
679 104
505 103
222 13
345 51
465 46
176 111
308 22
24 60
698 122
187 74
690 128
951 31
394 66
700 146
197 34
817 127
189 22
881 110
386 25
513 1
672 88
413 81
459 38
741 8
461 29
582 50
358 84
780 51
599 132
947 47
117 65
373 105
788 55
66 74
829 28
376 102
266 40
183 126
927 75
936 137
553 19
537 62
752 18
13 2
499 61
849 117
777 123
271 15
178 37
738 8
266 115
210 133
604 142
959 132
666 46
268 70
114 56
831 15
824 145
566 124
505 116
641 82
339 63
198 116
599 85
225 117
751 134
99 104
177 109
235 144
654 104
763 67
10 96
631 135
140 149
210 47
314 100
630 52
113 27
519 13
113 146
279 113
529 130
568 58
138 104
251 92
7 114
910 118
311 43
904 50
441 14
446 56
963 27
110 27
253 130
842 65
75 122
227 6
201 46
13 91
299 113
834 108
628 143
25 88
635 79
740 127
42 37
885 106
964 94
135 116
325 126
581 100
447 109
707 100
657 69
690 55
333 25
612 61
617 139
250 104
269 89
382 112
526 66
369 39
611 3
704 36
830 86
687 29
147 43
628 3
111 69
109 43
543 23
755 11
413 55
114 31
993 148
694 118
113 12
358 26
917 114
11 96
401 149
374 99
441 3
53 53
373 112
697 65
586 2
778 98
808 91
30 100
90 73
670 53
136 79
630 52
792 92
150 143
40 23
443 130
228 146
382 50
657 80
867 44
881 144
943 38
886 72
840 126
46 61
530 83
239 59
585 83
150 34
927 89
608 119
20 87
864 53
139 122
182 55
465 63
1000 109
102 85
730 93
860 127
153 41
12 44
899 96
126 98
681 102
588 40
772 57
179 86
359 67
859 91
321 124
955 70
82 108
556 14
701 18
642 105
508 3
948 7
600 25
806 82
828 94
272 52
352 150
587 11
118 95
603 88
120 109
109 104
316 16
69 116
783 60
573 91
715 22
697 114
649 4
298 126
599 121
427 51
722 65
13 139
162 115
628 31
523 36
186 40
103 54
558 136
316 30
176 130
1 74
695 149
429 92
477 128
912 105
978 135
972 140
823 133
956 100
765 130
537 101
19 140
556 76
525 71
57 102
252 110
627 97
410 55
290 36
82 54
493 111
538 114
752 11
948 7
162 62
888 101
14 109
690 120
186 116
792 93
969 44
652 45
342 61
1 131
299 33
536 93
845 124
606 47
786 105
655 99
968 143
349 132
153 40
903 88
955 146
932 25
89 35
869 80
348 70
413 146
304 48
140 48
21 97
744 108
1 49
457 118
293 105
301 95
547 55
134 51
601 16
776 141
1000 46
471 47
217 33
344 20
182 83
20 3
579 115
712 131
513 120
251 7
677 1
953 23
458 87
723 60
152 50
450 53
198 22
202 14
506 147
286 88
732 55
242 62
419 3
593 84
473 43
792 99
745 145
371 52
831 95
611 84
647 11
188 44
684 39
609 40
638 44
877 69
550 118
30 71
422 74
956 144
816 47
394 61
843 16
114 23
913 27
358 59
489 46
754 22
286 112
361 125
608 37
643 57
706 75
829 78
998 84
373 16
883 117
78 125
234 141
750 46
267 109
56 105
4 9
279 42
523 89
916 132
228 111
990 83
935 119
60 84
954 133
449 136
551 76
913 34
69 62
282 37
120 137
442 76
498 20
117 70
710 34
501 37
646 140
870 80
660 31
216 114
713 66
449 65
894 111
399 12
374 80
648 94
368 91
321 15
512 89
884 22
172 36
510 18
226 79
749 35
660 116
850 24
332 149
339 75
11 89
538 85
120 35
230 37
978 150
352 39
338 37
62 111
323 72
30 150
302 81
136 63
446 136
389 77
284 77
353 46
167 40
30 136
75 111
124 4
160 125
244 99
62 56
710 84
229 89
635 132
869 70
547 65
755 85
443 90
13 96
36 129
37 17
816 111
28 89
866 87
766 110
36 127
767 147
562 95
835 96
228 6
317 74
722 122
708 14
461 70
311 46
250 48
913 17
810 92
356 76
478 71
785 115
299 101
961 112
897 98
759 126
203 25
