600
100
298 41
697 47
658 62
117 140
36 15
268 51
717 3
296 88
586 74
877 18
734 65
702 128
403 110
740 12
462 92
340 9
232 86
608 139
49 126
530 85
643 149
337 109
851 34
997 89
410 25
408 43
639 109
872 141
570 112
102 82
855 93
142 138
828 1
679 129
177 58
665 71
709 1
529 109
337 127
699 96
101 107
240 141
215 112
483 87
75 35
520 79
729 61
718 109
114 146
137 142
956 51
812 64
153 142
574 39
921 23
586 21
379 76
464 95
289 96
81 115
882 100
995 61
613 62
519 26
460 105
367 65
455 130
78 107
221 103
448 141
275 83
514 103
210 29
950 50
274 130
916 58
982 62
118 44
974 136
671 83
642 39
199 48
918 78
406 40
630 103
983 5
238 146
909 49
176 108
1 49
240 66
956 121
178 125
166 3
412 88
287 3
576 35
500 45
464 106
334 43
110 16
997 47
163 108
498 138
115 148
139 106
413 96
278 92
871 95
444 82
982 80
687 7
566 36
753 29
443 37
474 55
402 72
603 17
79 150
254 146
597 92
251 60
190 131
303 10
675 147
341 107
828 129
565 46
917 118
126 11
404 99
615 107
421 68
73 49
317 29
44 64
422 47
275 111
527 77
670 101
675 113
209 103
741 26
600 7
443 25
368 48
324 134
706 144
551 81
242 118
809 138
133 130
636 9
841 112
335 112
714 60
224 125
864 67
400 113
325 44
187 142
743 12
378 100
605 78
930 99
147 138
188 29
320 73
37 110
336 24
373 101
85 47
675 100
913 74
762 139
619 100
633 63
514 60
513 18
937 42
668 84
532 5
714 101
677 103
362 64
826 84
765 12
682 89
561 46
865 74
535 135
325 67
548 88
176 60
956 112
501 123
547 32
830 111
234 8
715 145
222 90
329 86
801 12
776 113
308 140
386 92
827 110
8 74
548 133
433 55
646 135
829 93
669 108
805 102
516 69
849 89
410 129
74 62
890 1
274 47
193 111
38 69
720 145
392 19
579 26
473 77
460 2
769 130
311 25
382 126
795 80
914 106
758 139
469 47
540 144
196 32
104 133
750 75
630 143
794 110
668 16
136 79
919 106
959 80
532 42
407 26
921 73
233 80
363 101
28 102
794 23
985 99
808 36
424 139
578 19
348 97
186 36
428 5
91 136
686 23
429 144
300 101
116 133
730 29
233 109
732 79
684 119
627 91
154 102
631 84
970 78
32 56
165 9
612 6
196 149
230 124
92 29
676 58
61 5
38 146
866 71
24 49
541 2
391 147
756 21
130 125
350 63
232 15
972 95
122 19
843 1
495 85
879 20
494 92
927 83
937 92
355 62
692 146
665 134
942 120
454 123
497 55
935 130
21 8
275 94
129 69
844 123
403 25
144 98
718 22
130 104
213 85
317 56
732 83
689 123
105 94
447 3
1 31
32 21
991 108
867 19
127 110
93 81
136 86
129 53
658 58
858 122
94 26
478 77
859 118
201 63
12 97
267 112
380 98
384 120
308 50
488 36
312 30
666 97
167 144
652 26
404 11
398 49
387 77
26 145
744 128
559 7
225 75
118 104
474 54
325 83
103 112
918 14
743 84
213 59
729 116
437 134
76 134
685 12
412 112
58 57
639 68
614 13
144 83
818 20
936 142
102 89
305 70
804 47
955 68
308 85
583 144
871 61
929 55
824 42
616 32
198 104
849 11
469 45
246 36
314 131
780 15
571 84
786 27
483 92
94 92
479 29
237 49
391 15
903 114
856 20
95 55
475 146
568 43
640 113
581 5
345 60
719 116
795 57
994 77
948 137
418 76
467 56
126 57
170 30
423 27
249 67
134 126
164 101
18 55
513 50
459 57
661 130
124 56
386 117
84 85
556 104
463 124
859 88
583 131
968 5
109 68
873 42
643 87
942 113
543 106
962 4
663 23
883 138
430 70
607 13
304 12
366 118
535 27
706 67
957 23
473 65
240 96
307 35
734 150
247 126
406 60
629 20
534 13
557 113
482 13
476 138
676 143
255 113
769 62
31 77
984 54
494 76
849 150
810 134
751 8
209 6
967 140
575 51
52 84
463 84
998 40
23 74
835 129
588 5
941 18
384 124
121 27
851 121
28 112
254 128
771 115
934 88
4 60
590 105
695 104
940 95
46 114
70 130
943 7
186 133
274 19
158 147
797 11
67 24
372 123
602 143
487 37
232 92
98 21
248 43
576 38
189 71
501 108
852 145
914 138
677 39
958 135
285 5
195 54
578 18
376 81
412 14
769 95
407 17
167 104
11 43
193 149
363 44
456 65
488 121
604 67
259 11
703 96
667 149
599 147
166 76
479 130
891 148
924 147
114 91
950 124
185 143
674 147
188 31
113 27
201 66
895 61
629 97
706 45
845 4
243 13
981 72
292 121
969 117
167 134
9 119
909 143
963 32
740 2
414 4
528 114
920 23
776 48
371 82
194 116
137 139
930 20
862 21
340 30
139 9
615 148
679 73
692 41
456 31
142 119
987 121
834 6
795 59
805 118
442 150
733 81
490 14
400 1
234 89
180 124
949 94
871 27
668 13
619 73
345 62
991 31
485 24
588 129
433 94
148 26
94 132
156 133
245 55
934 28
646 65
554 44
611 24
221 128
338 91
401 85
303 91
717 87
567 105
417 1
48 115
576 43
796 132
76 91
286 61
870 81
825 73
877 87
199 149
65 86
