600
100
55 16
254 88
656 133
933 138
996 139
736 111
469 22
339 121
374 60
516 26
789 105
229 144
552 118
968 150
919 19
594 74
334 48
411 40
282 96
629 79
184 16
989 104
587 78
424 110
489 141
285 77
645 15
371 146
82 140
595 103
908 41
326 42
388 88
583 71
783 113
649 18
278 89
321 14
316 44
176 107
34 62
433 128
677 5
225 110
197 20
462 54
360 139
697 49
227 31
471 109
193 71
679 120
459 149
686 77
95 61
283 128
672 117
158 100
574 84
162 70
905 75
873 64
114 22
714 42
552 86
52 45
358 80
566 119
729 101
295 23
111 129
302 35
347 111
186 20
545 147
689 49
674 114
65 37
187 80
478 88
666 129
834 125
259 2
543 39
2 39
161 15
117 112
951 66
273 136
735 117
835 76
617 8
41 81
646 127
811 23
316 78
3 52
202 111
253 145
599 56
933 111
70 102
573 72
569 47
860 3
365 144
430 131
553 70
14 148
48 124
672 64
3 124
865 4
287 17
300 37
722 135
348 44
338 122
515 56
820 126
560 134
419 90
516 21
459 31
520 107
56 141
222 8
865 36
262 3
554 113
739 77
497 36
122 84
709 39
91 128
714 1
63 133
640 81
455 150
811 27
308 17
517 79
924 33
966 87
235 21
450 74
850 48
411 21
484 70
959 74
999 125
576 112
509 65
344 115
17 54
641 124
372 8
205 48
242 120
184 127
393 85
802 42
635 14
212 68
683 23
43 84
547 19
447 5
185 40
369 101
943 110
525 117
519 81
314 12
250 49
588 92
834 141
883 18
305 97
937 139
969 29
372 115
949 18
921 84
959 139
686 104
650 62
920 70
642 83
632 42
81 121
885 16
312 70
85 18
566 71
658 36
352 32
752 2
551 72
785 60
312 73
763 14
384 82
833 126
266 14
269 98
35 5
316 148
976 100
665 141
773 72
778 74
703 31
775 54
552 62
763 116
734 27
529 19
910 61
846 75
177 114
224 111
971 89
908 146
291 24
839 13
597 116
538 2
497 114
905 150
575 69
967 60
247 47
481 6
560 26
682 136
440 55
298 10
796 7
707 38
480 95
852 78
161 89
79 109
404 133
760 129
353 27
990 99
573 122
754 82
148 85
219 39
692 116
700 139
72 6
628 53
951 29
331 11
219 59
471 122
392 30
600 46
308 92
695 31
763 150
364 60
587 133
200 80
450 99
820 122
305 47
424 55
925 4
717 93
515 137
764 58
768 66
353 26
9 149
308 23
551 121
385 37
605 134
118 5
483 137
928 37
383 103
41 107
809 109
801 123
295 14
580 12
631 34
489 39
683 46
762 83
819 46
721 125
729 38
181 111
774 58
349 56
811 41
814 71
849 14
293 93
529 72
557 60
155 95
798 39
193 61
773 111
56 43
137 37
682 18
699 5
777 98
962 39
788 77
909 137
92 1
131 71
424 39
132 131
84 31
119 78
192 42
990 99
736 76
735 118
795 34
224 122
833 136
510 20
664 119
608 106
971 91
376 145
129 57
325 112
139 143
191 80
686 30
929 72
306 65
839 2
800 114
23 32
599 35
604 63
303 63
370 23
653 95
667 132
603 43
345 41
138 86
423 23
67 103
244 24
717 34
176 69
848 148
852 148
82 7
412 86
722 31
361 124
877 79
507 131
722 54
924 59
91 96
33 57
48 77
881 116
62 106
336 61
605 88
411 89
346 72
126 117
955 86
441 83
217 149
14 38
502 137
148 92
282 130
101 31
808 131
796 22
388 134
482 44
671 94
734 66
418 110
83 72
697 25
554 13
525 119
202 127
855 99
970 88
881 72
168 88
754 16
261 91
799 145
837 121
338 122
188 5
133 22
478 80
496 34
94 23
302 148
751 9
348 20
996 128
142 116
268 97
831 128
388 31
622 126
801 112
497 88
418 132
610 146
163 57
631 106
829 134
255 129
792 3
651 140
182 44
655 149
390 137
329 79
169 52
56 69
613 53
308 31
886 69
278 48
726 60
303 106
543 60
837 87
512 37
178 93
982 134
494 121
20 22
852 90
475 57
508 138
811 117
470 96
436 49
743 63
358 48
770 52
307 56
290 18
444 17
862 125
650 5
148 21
528 99
560 53
905 19
442 16
586 63
411 73
361 6
237 120
903 106
673 9
612 113
378 5
781 141
832 31
298 29
803 125
977 115
179 33
485 72
300 72
234 61
794 146
568 82
367 20
388 90
30 101
354 59
757 134
349 38
916 96
918 71
471 146
785 51
479 121
325 128
43 8
840 88
856 57
570 124
228 109
965 57
659 68
15 65
804 14
355 71
9 24
141 81
870 77
184 48
898 58
477 90
417 17
479 74
75 98
550 103
356 64
911 16
184 26
133 39
641 137
409 101
462 100
184 81
826 19
678 125
226 107
14 94
823 45
970 149
892 19
551 100
32 12
965 17
739 97
905 29
935 14
731 47
215 114
727 40
984 7
467 109
263 32
555 137
676 24
685 68
42 138
519 25
401 33
344 139
932 148
869 16
913 1
614 77
217 91
519 50
449 85
761 13
816 15
851 94
190 35
411 33
474 79
7 124
763 52
364 44
302 82
912 14
183 75
693 1
217 63
950 65
899 110
79 66
24 29
909 115
816 71
147 39
951 106
515 64
207 78
759 108
462 120
74 46
547 16
746 13
680 95
780 28
757 108
643 80
787 4
697 4
