600
100
821 47
219 19
481 131
161 53
865 120
413 41
881 13
773 5
298 122
634 130
448 135
141 123
526 42
16 135
324 53
707 44
601 27
13 134
259 25
186 73
446 50
966 79
262 138
333 111
811 118
190 9
853 130
333 30
71 50
967 144
352 23
889 5
301 53
738 9
778 75
34 25
224 149
253 87
88 36
99 48
255 38
508 7
969 140
837 89
540 103
784 43
827 72
547 29
277 86
389 104
262 72
980 35
772 133
673 9
170 121
109 124
410 66
531 128
808 69
768 49
873 3
293 99
927 92
529 3
827 117
608 89
691 37
925 62
819 100
673 88
720 81
764 32
748 94
859 57
364 127
957 136
529 150
286 105
441 14
9 117
82 16
707 122
203 34
234 123
285 58
713 6
390 76
837 139
121 46
396 134
674 52
71 104
601 6
361 43
521 119
12 102
337 18
374 89
53 107
263 137
864 127
693 105
802 81
93 24
928 138
757 101
192 27
507 44
534 67
537 4
587 148
656 123
617 29
813 20
987 76
358 102
402 102
806 6
283 148
829 60
738 88
163 129
116 19
72 100
535 108
55 73
155 110
396 22
738 8
793 76
635 52
277 37
904 82
944 88
332 122
99 19
61 13
997 29
281 70
178 17
380 132
640 34
294 135
657 33
594 101
459 29
303 37
617 58
169 60
447 2
683 147
920 96
510 68
624 40
39 3
309 118
736 100
304 29
686 10
412 29
113 72
859 67
308 75
676 128
34 72
679 119
18 50
164 129
569 37
21 58
939 29
377 74
628 130
55 15
992 66
943 54
687 2
222 146
628 47
174 112
18 102
730 87
154 45
266 124
31 136
681 21
966 108
994 95
89 98
609 30
865 53
183 103
56 6
249 84
652 72
345 71
625 26
760 30
670 125
204 52
662 86
372 129
293 67
275 32
765 83
813 131
137 98
884 143
103 84
876 5
905 22
775 131
997 134
11 18
910 66
421 73
801 42
253 96
508 77
179 24
409 141
605 98
338 140
90 41
323 15
195 129
536 21
811 134
207 73
253 118
738 23
743 139
816 45
984 125
522 112
299 32
152 55
179 92
94 120
282 18
584 78
346 71
500 6
354 108
681 106
526 118
630 18
308 145
614 143
472 137
804 20
121 108
376 101
501 19
271 82
588 54
961 135
325 60
792 80
518 22
988 145
890 117
662 147
414 27
840 35
114 145
6 84
654 81
884 104
201 104
287 88
360 147
424 34
59 15
713 28
687 102
322 26
669 85
124 134
961 115
670 26
662 25
659 15
407 45
821 59
400 9
746 109
706 21
794 16
735 59
43 71
910 64
348 130
698 72
363 10
138 32
436 99
58 46
114 114
340 36
422 42
744 69
202 101
39 96
916 26
206 8
546 65
321 94
397 120
717 59
380 4
143 15
653 2
260 118
368 52
403 91
43 98
12 144
299 150
591 66
527 46
524 23
263 46
966 11
566 84
121 47
887 15
111 39
167 22
8 34
25 112
674 67
260 35
663 10
87 5
475 13
753 50
37 17
546 104
377 13
387 147
759 26
112 21
516 28
294 24
163 69
285 138
737 96
225 149
805 63
4 82
627 8
981 64
474 76
369 50
340 106
346 100
381 109
670 148
438 116
771 150
634 58
140 70
303 114
121 10
378 26
91 54
583 123
19 56
949 88
905 90
495 52
90 127
763 9
474 100
426 145
152 59
4 41
781 8
6 1
117 35
728 9
738 110
982 9
717 82
496 73
921 92
926 60
568 88
121 41
888 146
637 91
957 40
33 137
298 140
989 116
124 116
677 111
377 8
321 43
291 116
417 63
157 42
925 26
30 47
117 69
294 55
659 50
745 93
338 44
432 28
159 105
393 35
767 21
844 138
565 136
255 131
401 62
675 125
487 54
73 55
324 16
60 84
968 106
376 55
549 107
983 59
713 127
246 79
200 141
566 14
279 123
745 129
936 69
355 22
474 77
729 99
792 140
482 111
295 57
416 145
15 150
253 27
828 48
205 77
291 73
791 119
295 137
247 130
657 101
3 32
27 83
630 20
222 11
281 16
319 48
710 33
149 115
59 126
164 65
3 4
737 45
22 83
31 68
964 39
220 69
520 148
401 49
120 73
611 50
490 79
799 52
613 97
866 123
274 79
637 26
835 76
772 106
460 54
476 24
192 47
742 63
645 92
563 114
116 123
515 56
453 63
509 17
611 24
439 34
754 78
512 138
153 135
796 62
789 123
387 130
669 78
43 63
622 107
428 137
130 142
694 84
606 102
351 68
927 141
804 83
568 115
972 122
949 117
36 39
389 72
69 10
550 113
722 123
419 52
259 50
443 105
186 51
858 38
968 135
28 23
169 148
437 90
19 138
907 106
178 47
828 148
56 79
60 30
251 81
631 61
82 25
517 67
177 25
506 147
159 86
619 127
833 58
818 103
497 24
609 24
723 138
272 80
516 33
611 18
865 143
978 47
18 47
565 46
221 21
42 131
956 113
409 90
420 126
694 116
302 2
941 24
441 62
505 106
247 16
425 11
708 5
57 77
601 124
623 121
44 66
551 1
28 109
490 47
184 33
714 135
837 105
860 127
218 65
585 64
480 9
575 139
763 33
616 63
956 38
183 51
253 133
701 33
43 42
431 77
77 45
63 63
151 23
541 118
639 75
184 68
486 60
656 148
444 23
611 52
860 145
102 65
230 55
449 22
48 129
