600
100
901 51
92 9
928 115
87 139
362 125
922 9
764 61
170 148
209 35
910 84
29 123
545 3
797 97
658 141
7 76
362 57
479 104
867 106
170 54
494 82
330 117
942 44
577 11
491 87
46 52
321 76
425 15
231 121
113 138
811 69
216 125
377 144
978 144
99 99
549 94
30 28
711 74
323 139
434 13
128 31
917 148
609 141
664 41
561 76
78 124
246 45
248 124
338 77
217 38
75 117
732 107
347 94
780 19
784 15
834 111
748 50
710 106
90 73
546 52
500 75
725 147
620 122
71 59
900 139
97 27
756 130
783 54
973 12
122 108
126 5
371 25
56 130
580 145
805 27
147 4
804 123
753 123
547 75
83 96
813 29
772 70
710 6
373 132
467 97
142 95
153 112
169 109
591 1
705 45
929 103
51 82
426 55
506 72
329 39
769 93
119 93
765 29
798 89
862 17
335 53
913 38
866 131
48 7
533 52
203 112
307 105
193 132
759 149
55 39
639 75
932 57
67 98
585 17
536 147
833 71
801 45
710 17
177 109
475 110
212 79
523 118
634 67
249 94
117 105
535 55
830 68
512 98
865 46
464 50
894 146
622 45
392 83
713 19
143 37
630 5
215 54
872 50
570 123
296 87
479 80
441 8
647 4
908 63
752 121
262 45
19 36
691 12
270 103
330 113
589 111
767 6
166 140
355 36
814 100
774 143
831 66
952 77
870 59
691 21
582 55
265 2
540 56
713 11
710 43
573 49
705 141
806 121
33 10
958 46
162 81
490 92
296 142
821 65
652 111
785 33
815 52
184 6
709 47
867 68
291 41
68 97
834 123
569 116
33 26
63 46
256 3
537 4
994 109
420 95
220 107
230 136
958 63
92 68
661 60
435 53
452 55
650 85
727 118
502 61
96 15
656 1
469 145
606 62
253 26
458 74
582 139
210 41
804 103
908 114
962 144
119 65
548 68
50 127
337 3
89 132
467 45
135 85
641 90
748 43
117 8
717 50
596 78
940 99
930 99
215 93
893 33
7 42
452 58
770 140
311 9
572 77
955 58
64 45
149 13
839 66
720 7
315 68
184 107
418 113
805 32
707 49
316 16
193 19
473 62
259 133
820 32
912 76
239 77
720 137
489 109
652 11
465 69
228 101
925 145
465 131
629 72
482 44
237 74
415 61
987 123
844 107
854 57
932 92
433 54
830 123
914 84
833 80
152 112
730 78
57 47
508 35
718 41
980 106
14 94
718 1
418 13
159 121
19 92
714 103
445 94
428 110
377 12
440 80
24 121
307 80
67 116
116 36
507 145
793 22
841 111
872 108
423 82
881 94
824 146
948 70
489 75
330 17
987 121
96 60
641 4
441 108
272 56
843 28
2 88
1 92
498 123
452 20
254 82
65 129
277 113
49 68
387 130
686 25
850 82
86 40
887 26
549 8
81 94
287 33
731 38
276 78
512 127
499 17
410 14
546 89
928 96
156 116
675 141
391 76
974 126
717 13
354 66
370 134
9 9
516 39
648 94
318 9
870 68
275 30
83 72
318 10
117 25
28 143
17 18
18 93
245 85
555 98
352 26
384 60
636 51
450 33
394 69
793 116
286 20
247 119
591 66
378 10
740 5
554 58
174 122
450 21
658 6
720 61
984 55
720 19
706 21
254 1
639 46
66 74
465 12
644 6
227 124
467 68
130 120
426 104
943 27
426 2
935 97
312 18
952 83
536 9
903 41
459 93
187 27
817 1
188 110
58 17
833 124
84 113
896 111
618 138
440 45
142 124
243 103
291 96
836 78
554 40
319 15
983 107
593 51
507 32
962 67
898 47
792 34
461 87
546 28
877 85
824 18
710 16
822 100
612 109
530 117
99 100
233 131
408 125
231 116
957 92
182 54
690 26
539 100
364 35
579 42
421 2
961 131
820 133
482 83
791 113
299 141
914 82
321 71
356 53
587 62
447 120
518 86
445 6
286 9
492 64
400 113
618 63
43 37
495 126
571 37
239 69
878 52
752 50
473 10
805 9
123 103
530 42
738 25
400 125
135 41
591 36
155 110
598 49
348 44
425 68
81 113
138 10
814 90
211 38
701 115
48 123
617 128
815 7
552 114
433 138
456 25
923 111
934 23
159 31
316 85
550 48
597 38
57 113
929 18
752 29
634 150
803 3
377 119
309 30
534 93
317 40
468 91
952 3
463 112
34 29
397 85
878 145
622 35
459 150
554 61
530 39
10 133
141 88
301 101
17 137
894 35
176 11
627 129
113 140
940 98
220 38
433 47
33 56
383 41
308 138
701 37
827 62
521 67
799 74
768 17
360 113
203 137
373 130
365 37
271 106
687 90
344 121
938 26
228 21
218 35
960 121
724 86
332 96
105 83
121 124
1 130
236 104
718 110
385 132
148 5
90 84
496 133
656 33
160 34
105 79
770 67
999 145
202 133
441 108
517 11
881 117
393 68
72 60
427 106
544 127
462 83
112 59
417 68
94 78
3 98
656 122
966 107
617 68
689 109
825 107
969 8
425 63
525 97
823 4
304 118
230 18
702 143
426 68
460 69
397 62
69 52
586 134
58 52
201 148
610 128
654 30
787 131
643 13
927 117
966 82
534 47
699 87
240 25
56 1
643 102
865 63
503 50
97 63
3 149
10 64
378 66
893 64
798 87
827 24
703 144
657 38
43 106
174 34
832 29
36 124
680 50
889 35
701 135
