600
100
603 121
263 62
181 101
511 146
553 123
96 134
150 46
52 149
686 62
967 91
974 8
809 91
376 16
388 87
103 80
857 58
350 21
269 31
221 81
228 73
855 125
508 55
973 59
105 58
622 71
51 146
280 11
488 108
628 125
794 33
557 100
140 6
472 110
788 44
890 68
816 47
42 125
101 114
234 107
24 107
627 26
154 7
636 142
914 114
868 59
346 124
60 137
682 81
596 119
574 135
188 141
581 130
415 33
595 50
941 120
207 68
747 10
826 135
1 89
998 19
149 145
644 108
531 75
738 128
794 63
962 33
403 45
914 69
279 59
169 20
830 125
139 127
86 114
311 89
54 110
659 2
706 52
761 38
627 48
65 72
512 28
104 116
624 18
434 5
878 54
826 109
680 64
987 116
279 149
204 32
660 62
885 15
515 95
304 141
494 118
912 107
98 68
622 21
385 7
975 114
361 100
672 140
115 59
157 143
659 60
76 119
573 62
683 38
308 139
580 3
58 44
509 55
211 82
876 97
889 2
560 149
354 33
640 68
593 47
861 102
508 38
570 83
600 104
872 7
294 3
60 2
646 20
506 6
402 33
154 40
935 115
890 90
648 31
107 42
29 119
843 39
607 114
673 8
720 44
816 113
346 127
364 144
147 20
551 150
954 55
541 40
769 82
879 68
662 136
360 143
656 4
931 64
318 53
523 87
498 39
401 95
565 65
538 63
986 139
314 141
145 54
531 15
635 9
33 149
746 94
691 52
297 73
367 64
575 140
2 122
228 55
618 94
519 56
559 6
596 22
146 40
78 26
4 112
437 38
712 132
131 2
935 78
726 102
393 100
543 147
723 20
501 91
265 71
848 125
226 143
47 71
534 26
399 137
539 85
277 51
368 57
4 105
834 80
308 79
381 100
325 106
971 27
796 35
547 145
410 22
437 58
494 122
635 142
210 23
78 86
423 148
893 79
452 28
508 59
8 140
608 82
695 28
860 42
164 106
836 25
177 74
84 23
945 118
914 55
891 44
640 115
141 34
443 142
314 102
350 121
542 109
5 36
238 114
78 1
270 113
678 98
889 61
820 35
479 134
339 71
429 131
385 119
566 78
512 29
129 113
200 120
521 6
258 108
419 135
510 38
599 87
486 139
300 105
24 130
390 14
850 68
396 84
738 112
413 99
192 92
461 93
563 33
298 20
442 67
506 104
404 107
842 141
295 141
898 118
270 137
32 19
457 27
705 44
740 67
795 82
658 7
674 23
940 122
392 133
688 150
36 43
706 28
36 50
370 83
318 40
219 51
110 77
479 114
573 19
931 67
150 90
973 25
512 14
146 56
349 85
505 134
980 10
613 115
209 133
947 128
622 17
930 131
544 59
897 116
979 27
834 130
766 58
654 130
422 52
885 22
688 89
505 67
950 120
33 58
452 129
388 25
848 17
507 43
77 53
210 105
581 143
534 149
200 88
328 23
691 12
94 78
952 101
45 1
420 77
58 73
408 47
647 5
466 3
997 92
908 106
597 88
600 32
186 101
21 63
476 61
76 69
89 127
871 35
927 42
913 87
864 22
133 60
278 150
15 124
492 72
831 40
409 32
273 147
933 144
459 8
4 87
328 94
913 101
280 92
192 95
528 106
216 62
565 44
962 31
119 55
852 102
596 13
83 118
559 17
513 119
126 119
255 54
312 20
4 144
711 145
488 138
602 53
601 69
196 12
449 15
718 51
968 15
913 150
533 123
769 47
191 144
265 48
347 77
317 102
872 27
249 59
616 150
61 16
368 109
130 69
275 47
469 42
864 83
643 148
555 11
144 47
305 59
894 103
337 10
705 8
588 105
566 3
506 78
419 126
586 150
394 60
98 12
453 61
946 96
708 102
858 102
948 12
260 144
517 98
755 123
155 143
877 72
897 82
49 117
607 87
566 2
198 64
565 103
624 60
98 32
713 55
535 113
469 96
206 135
93 62
557 147
6 85
670 3
518 20
569 27
56 137
828 56
502 93
608 75
254 107
808 117
363 94
979 31
839 86
167 81
847 75
529 103
859 98
755 129
268 125
205 125
513 84
632 114
776 89
491 132
647 150
348 10
344 78
192 132
213 9
113 9
785 41
263 46
191 19
724 8
44 80
484 58
663 116
922 91
706 112
172 53
61 71
362 106
900 3
938 62
263 52
522 48
42 135
43 132
505 116
41 48
397 75
456 109
992 29
849 47
492 22
401 54
242 62
660 141
667 97
604 81
998 128
328 141
614 122
975 68
839 65
666 85
891 123
294 34
553 144
931 94
866 133
947 9
445 58
600 63
554 5
95 53
32 75
646 145
496 120
763 87
986 80
921 29
604 116
462 6
60 44
551 27
427 49
735 123
807 34
37 12
241 131
615 72
905 10
269 101
231 31
439 116
162 109
444 17
925 108
272 86
1 74
612 27
22 146
649 130
32 137
892 22
168 56
895 22
117 113
824 147
545 112
562 108
973 8
174 47
615 47
584 115
970 145
394 144
892 94
523 25
431 114
546 48
271 93
21 37
307 145
733 54
458 47
261 130
4 135
678 70
583 111
584 53
807 129
248 49
723 70
973 55
536 21
454 6
15 124
193 121
670 127
524 28
923 87
557 128
923 85
247 55
847 133
57 104
863 106
704 85
426 28
441 13
250 44
118 114
368 112
585 89
291 10
516 65
948 25
843 120
11 141
375 107
623 33
862 136
