600
100
297 36
711 26
774 117
519 16
534 67
167 8
501 55
136 110
659 9
431 98
461 9
178 128
734 61
709 38
601 21
312 149
658 25
224 83
591 95
848 124
861 114
82 13
320 69
175 129
579 55
976 40
15 3
517 51
163 127
688 115
149 52
364 7
726 39
941 66
33 89
792 144
802 73
958 122
793 134
100 22
88 77
763 55
579 31
555 43
559 94
559 107
945 22
865 70
861 6
338 43
594 129
138 47
353 48
868 145
931 19
868 121
97 82
825 127
612 31
471 20
324 130
229 119
951 43
290 113
898 127
408 43
755 145
590 109
344 9
604 125
480 73
997 76
805 73
955 116
903 25
938 128
454 66
198 57
610 88
919 58
466 76
702 71
223 91
679 118
452 34
544 81
457 140
858 13
64 64
380 66
589 67
896 144
834 93
150 44
580 121
303 146
746 4
618 70
647 48
590 148
634 83
380 90
25 89
54 88
753 33
406 91
102 1
734 35
393 36
730 123
656 132
370 103
36 137
73 132
634 112
131 17
146 10
708 70
98 11
258 100
546 63
542 97
963 78
581 57
863 111
679 118
694 48
270 129
386 144
762 22
707 42
638 103
753 98
22 51
810 81
52 105
645 144
1 9
221 84
666 85
596 94
952 89
744 121
370 129
267 33
500 23
727 90
825 79
539 49
681 150
181 83
55 76
678 57
784 100
692 149
684 137
145 85
928 90
207 149
368 123
131 120
798 7
61 22
688 49
172 18
298 3
452 54
178 129
463 63
378 54
114 111
793 108
47 122
849 106
720 68
430 52
787 27
59 49
201 98
149 72
465 47
76 117
502 105
397 14
918 75
470 33
187 114
992 86
685 140
543 106
407 72
957 146
199 117
744 101
464 43
122 81
691 148
549 142
802 95
508 21
71 27
453 8
942 94
195 126
635 87
733 42
60 139
587 60
408 132
360 71
574 32
503 14
31 1
808 84
996 115
607 16
643 111
675 84
855 69
561 39
957 93
882 117
333 18
626 140
502 36
963 75
819 15
691 101
516 48
736 111
164 92
928 8
753 103
741 9
823 103
799 130
297 133
796 79
852 23
721 103
110 83
428 130
147 70
480 112
967 16
524 82
909 2
639 61
54 81
971 26
383 122
7 31
154 54
659 5
927 79
358 88
61 37
668 10
606 147
221 124
714 95
757 73
548 45
635 3
477 58
180 111
79 137
241 34
340 99
588 18
630 47
358 142
433 75
601 90
523 24
313 37
270 19
211 17
815 45
769 141
154 98
501 32
486 91
815 26
992 5
795 73
51 102
14 36
528 117
577 51
140 90
287 9
310 97
225 27
693 95
767 47
644 20
430 80
712 97
307 5
351 101
27 53
605 43
940 32
359 17
182 148
758 70
258 69
668 134
895 13
178 14
559 21
633 90
950 96
936 8
751 38
709 79
743 115
521 132
796 129
550 130
728 57
149 85
726 117
818 122
529 47
985 89
168 69
130 69
665 116
429 17
55 87
247 99
153 118
183 98
998 32
629 78
391 28
62 18
946 132
439 76
578 124
616 147
744 145
918 10
162 96
878 119
834 75
717 36
244 49
285 143
983 14
670 123
43 134
840 40
667 30
517 96
53 82
45 149
228 14
908 140
659 138
310 94
262 76
181 57
277 117
449 9
82 119
631 124
554 120
815 20
99 81
815 54
462 109
4 42
172 13
431 132
400 92
377 61
117 59
517 43
726 68
651 109
436 83
283 91
454 49
560 5
780 126
408 43
937 63
634 108
25 16
642 75
507 20
437 124
279 56
368 6
975 119
514 112
651 98
102 5
597 11
9 126
738 118
320 24
882 4
134 6
369 25
682 126
144 71
851 24
128 68
129 52
588 143
863 41
790 116
47 138
328 7
113 65
526 33
739 107
738 24
664 106
998 48
333 143
168 133
267 47
401 97
100 138
389 64
930 81
629 26
268 56
382 83
372 57
517 12
313 104
685 79
711 82
26 94
527 145
226 45
191 28
891 92
318 80
955 147
162 85
223 129
242 54
513 63
863 129
75 77
634 109
855 95
793 130
740 121
424 15
815 66
295 5
959 12
336 63
858 47
199 82
278 90
388 40
53 50
171 129
776 54
589 33
500 81
862 41
51 38
556 117
955 150
922 64
813 107
178 70
106 77
102 133
816 39
524 70
90 46
50 17
202 89
199 51
371 113
292 24
50 49
990 56
400 111
269 12
520 147
233 77
175 36
711 42
526 34
562 115
280 61
832 81
601 30
533 122
442 26
745 43
726 134
199 127
997 119
40 18
617 23
844 141
958 54
133 34
139 46
450 120
8 31
602 59
663 135
932 6
662 76
299 90
761 49
216 107
667 106
624 34
528 119
426 87
372 10
672 63
307 124
632 115
754 134
275 18
720 6
224 81
233 72
120 93
722 138
102 38
943 127
23 122
896 101
10 19
710 132
481 67
155 15
683 10
698 59
28 17
514 51
149 98
124 71
90 45
308 141
584 150
620 107
71 115
407 80
485 68
113 116
836 119
782 118
231 29
826 110
247 141
860 95
788 85
367 30
179 124
772 14
275 91
720 47
257 78
129 142
298 43
59 83
212 40
3 94
670 128
403 66
871 114
662 10
948 129
239 78
54 13
591 29
753 113
25 112
140 5
103 139
98 13
922 59
704 24
454 73
103 106
288 73
469 101
335 116
681 75
245 135
287 35
415 92
