600
100
821 22
225 143
530 142
361 82
41 148
132 8
137 92
257 65
917 134
107 25
464 140
847 72
609 115
948 29
89 5
302 12
226 26
954 5
970 14
937 62
313 20
269 51
761 27
768 127
960 74
53 25
915 99
598 73
866 147
651 4
52 55
215 27
182 18
384 51
833 72
513 47
91 83
298 103
10 115
232 21
290 34
96 54
535 43
726 150
942 128
353 93
32 70
269 14
87 104
716 20
675 130
416 17
713 65
320 22
129 3
42 118
538 139
621 122
534 48
823 25
778 78
467 109
447 137
374 135
91 42
156 17
21 122
234 83
988 55
806 117
807 100
886 144
40 59
768 73
908 92
399 85
821 115
846 67
304 21
152 146
12 9
862 135
582 45
469 120
999 125
38 57
826 123
853 115
133 120
790 91
913 88
725 34
405 22
1000 108
493 53
453 6
162 16
240 145
761 109
664 61
335 101
268 110
624 70
376 6
91 65
148 53
705 75
736 9
146 88
168 138
942 22
846 5
637 35
550 149
145 113
860 29
266 79
990 39
950 68
996 140
234 146
394 88
720 82
398 15
921 67
855 112
888 100
669 27
136 70
625 133
782 136
111 49
314 103
287 113
522 85
654 105
130 98
45 51
529 144
65 1
711 21
662 50
322 32
178 110
251 3
442 35
990 4
783 104
356 72
918 27
408 122
984 39
619 128
89 149
821 55
299 83
776 12
833 149
346 12
258 46
164 49
332 106
603 65
809 60
536 26
539 95
649 22
183 117
901 71
117 73
775 67
956 102
431 40
703 76
501 110
723 117
11 5
522 15
169 32
274 106
759 62
350 8
685 32
26 35
154 43
658 30
261 15
534 141
104 36
466 6
547 141
324 107
595 95
521 63
878 97
170 137
310 119
44 45
402 19
931 107
563 140
186 26
256 19
866 11
954 134
667 3
224 40
409 118
187 132
932 64
780 1
700 39
971 95
435 124
516 18
630 128
657 117
605 115
886 71
975 91
506 141
43 131
983 104
250 119
437 81
584 116
633 134
304 55
730 41
30 145
808 9
675 116
825 79
80 12
749 55
605 6
47 149
686 81
802 135
549 88
467 133
453 1
768 109
405 147
199 134
742 56
444 68
173 71
46 3
682 47
659 138
752 55
637 90
438 88
724 138
28 93
822 32
993 39
292 148
438 40
183 131
847 77
298 70
247 95
624 130
841 82
918 95
338 104
734 75
343 9
113 72
351 84
554 96
875 47
445 112
687 27
194 135
605 41
256 53
537 79
483 28
512 52
322 100
657 57
976 149
215 138
73 68
374 128
613 148
174 7
911 12
35 4
97 90
946 4
842 132
583 76
211 144
427 32
295 85
938 71
434 55
710 108
422 83
835 134
682 108
442 142
220 126
47 18
115 142
371 109
826 5
984 86
751 63
568 97
197 107
667 132
361 29
839 34
811 23
519 93
33 110
436 54
788 33
271 52
826 143
562 101
650 96
687 100
660 56
796 56
814 115
838 127
543 28
660 5
53 79
197 135
490 135
688 77
467 10
179 92
654 40
943 103
637 131
54 96
938 52
504 1
16 143
277 60
720 137
614 122
467 63
208 56
147 97
233 115
908 13
256 62
854 150
216 141
530 20
138 67
471 41
570 138
333 96
99 105
134 12
528 2
226 136
908 74
334 40
688 142
254 94
155 57
493 20
949 125
639 139
193 11
431 62
650 16
960 148
520 95
812 149
397 37
134 4
761 20
795 50
413 100
743 17
506 138
936 7
314 127
245 106
387 127
620 37
142 129
784 13
375 147
412 71
984 47
426 46
716 70
895 128
619 140
694 77
929 82
635 94
908 31
99 96
257 20
682 149
1000 68
411 25
764 22
145 149
71 71
546 36
142 93
266 113
782 111
941 12
292 75
655 99
805 55
197 111
175 78
811 124
47 22
900 13
395 145
613 65
967 9
603 60
951 68
924 84
178 14
497 122
438 101
372 42
607 68
655 131
798 65
307 94
38 56
6 135
602 71
249 120
129 103
732 29
70 5
514 100
519 10
421 8
512 42
902 68
712 6
251 59
372 107
352 110
114 10
194 68
680 44
339 60
997 20
590 68
725 3
17 95
464 139
902 75
933 53
92 94
710 144
152 82
250 55
491 66
916 36
783 97
829 71
106 127
543 145
595 17
149 113
213 112
104 114
586 86
269 80
679 28
723 82
411 75
388 103
392 4
288 24
250 119
646 8
997 138
402 41
806 51
906 120
514 59
836 2
396 54
833 126
433 55
607 144
231 94
448 72
649 136
147 1
204 45
958 100
684 9
143 140
261 150
211 25
760 146
578 5
501 60
580 136
316 88
481 47
883 28
520 134
663 17
134 18
811 141
770 144
801 114
335 12
663 46
188 124
943 15
280 44
526 9
729 141
748 59
387 132
136 109
865 1
925 98
368 87
88 89
932 41
752 69
302 66
516 41
891 108
957 120
253 82
380 81
322 27
541 11
461 29
319 25
179 145
675 98
33 14
387 114
354 140
582 7
256 47
847 146
907 55
668 109
636 47
140 110
174 132
722 134
60 42
310 90
338 84
488 70
450 74
333 53
363 117
810 20
715 8
468 121
163 85
780 100
181 21
459 106
654 132
691 64
923 103
303 110
688 92
981 87
367 16
292 32
932 101
51 98
460 20
619 124
356 50
124 39
372 34
594 25
466 37
738 90
989 143
352 76
886 32
