600
100
381 125
741 126
336 26
900 124
125 126
159 91
656 75
547 58
658 14
397 104
260 150
677 99
398 115
922 20
119 1
530 99
325 120
926 63
597 125
238 72
550 96
612 55
273 9
365 30
174 61
485 33
910 112
133 7
28 104
126 46
105 7
996 131
629 22
145 75
98 32
298 148
130 60
204 102
420 118
331 43
328 16
25 140
329 9
896 58
914 74
205 20
732 102
503 10
473 147
585 21
381 132
570 110
143 75
911 62
693 93
506 122
760 80
961 90
390 9
499 4
582 105
673 115
607 127
25 81
174 111
353 54
194 72
415 87
47 27
250 91
621 56
462 31
637 23
172 27
983 123
682 66
77 6
580 133
233 4
114 106
564 66
311 108
740 125
446 88
401 145
228 73
450 89
753 87
463 27
465 95
299 96
360 75
851 92
410 135
895 23
840 111
340 52
920 29
578 65
568 130
411 45
703 11
836 57
299 100
83 65
447 133
260 8
460 12
449 69
897 44
743 138
506 34
942 25
865 19
141 132
849 101
227 51
763 114
357 63
63 92
527 9
876 38
667 85
952 17
555 150
810 47
287 17
731 130
91 97
99 31
378 49
134 6
849 46
369 107
309 84
700 85
292 76
325 10
910 126
777 65
475 138
113 111
605 145
693 97
141 141
630 71
89 63
826 39
658 45
845 118
330 147
505 121
472 129
283 81
104 111
197 78
348 112
690 4
856 82
351 99
172 130
219 12
94 94
900 103
590 97
421 69
993 25
892 14
753 26
196 106
936 95
785 83
406 24
939 11
856 89
961 79
620 29
343 63
575 42
815 64
690 137
435 34
511 28
497 13
203 95
470 38
789 104
772 146
80 10
158 37
350 69
17 119
297 9
33 121
953 150
387 142
786 23
676 147
850 124
911 102
920 133
189 60
338 62
605 17
22 113
55 71
233 122
692 81
430 24
104 134
923 40
376 9
14 53
357 13
278 117
914 48
351 4
257 139
765 64
105 38
328 110
509 10
583 50
792 14
275 95
98 50
736 25
610 149
227 16
611 56
584 26
405 35
329 14
975 146
227 131
583 56
590 43
465 124
994 108
888 119
503 135
818 88
809 29
987 137
744 149
242 129
825 47
965 105
660 139
302 38
370 87
143 111
679 59
835 123
566 72
941 68
58 10
658 116
888 46
252 133
944 45
13 120
843 78
977 104
268 128
91 87
514 135
300 95
543 34
217 111
207 59
880 114
970 137
481 59
532 134
543 128
280 105
947 73
884 125
976 52
905 69
140 120
3 139
314 148
924 130
358 132
390 37
97 59
126 127
567 9
12 59
836 92
16 135
414 149
409 91
402 15
159 142
435 114
332 48
411 8
630 68
441 19
356 38
730 81
466 96
490 78
757 127
769 122
811 84
670 122
626 72
236 85
965 120
650 48
770 60
607 149
179 148
769 34
937 48
367 2
146 8
231 102
884 51
25 95
884 146
618 60
117 103
646 83
875 145
433 44
706 139
394 134
86 64
769 72
364 137
776 59
694 106
762 128
357 88
624 42
183 91
453 52
445 100
84 69
744 16
314 101
555 9
684 42
573 55
14 86
291 141
796 35
146 9
914 4
46 89
446 28
481 48
879 25
348 115
596 143
182 9
244 88
968 79
80 90
435 145
827 76
585 24
62 132
882 127
936 29
215 31
858 145
630 89
971 29
403 66
124 136
475 69
24 144
349 105
333 84
899 61
861 135
484 124
268 17
600 3
347 66
935 54
212 117
292 32
597 44
748 120
982 74
438 5
367 139
459 51
922 109
561 132
895 96
55 12
464 106
717 110
171 1
13 34
567 57
915 14
702 64
235 83
587 125
687 105
163 97
355 34
557 17
217 3
14 21
965 27
628 81
638 48
683 103
883 2
659 47
765 10
163 49
43 51
23 81
406 135
930 62
620 36
731 136
289 144
458 105
573 85
637 110
234 121
212 16
272 122
265 136
582 127
387 74
527 11
56 84
298 135
396 19
471 28
105 111
221 114
67 145
351 105
707 36
725 120
404 99
492 68
384 73
446 72
48 122
235 103
608 32
88 5
152 10
832 106
20 104
522 138
549 72
492 105
807 68
524 60
916 15
229 2
87 124
125 36
998 109
589 105
242 76
959 144
585 140
1 106
193 122
393 93
745 86
347 104
155 23
113 123
237 42
426 26
367 150
161 64
261 101
968 104
776 28
599 110
67 150
667 12
473 59
704 20
646 53
473 101
625 135
223 13
278 150
240 145
549 53
360 61
853 30
15 29
957 65
340 126
916 7
339 139
417 142
310 13
796 32
215 20
718 139
985 146
788 24
992 38
328 53
849 131
382 15
161 139
179 2
66 45
858 54
835 27
797 144
41 43
925 105
364 144
395 48
341 132
924 134
869 101
387 19
783 118
283 43
458 14
795 75
908 104
278 44
630 127
237 70
371 113
276 34
506 70
434 147
203 107
530 24
959 16
492 92
36 127
684 95
940 80
720 99
834 49
292 13
775 80
485 95
392 60
231 49
782 14
95 134
372 77
407 32
244 49
423 81
377 9
476 118
288 45
866 121
895 109
936 20
388 72
166 79
883 98
27 64
763 74
648 34
802 54
168 45
304 90
676 80
400 53
699 88
697 14
160 143
72 47
964 61
218 80
589 1
877 18
116 92
793 13
125 44
169 92
990 122
234 17
504 83
519 52
672 67
118 84
510 141
