400
100
630 49
589 86
380 80
46 1
883 12
956 19
533 40
746 58
540 84
392 33
2 32
877 93
666 47
156 26
921 41
98 51
41 86
388 20
17 34
920 51
297 27
770 29
767 15
138 6
451 29
391 52
13 67
96 78
714 52
455 34
244 52
536 85
589 24
56 5
709 28
855 5
554 76
185 20
491 22
978 93
202 68
96 14
634 44
243 99
795 97
685 90
600 72
674 88
847 30
792 55
57 99
559 62
974 43
282 16
416 59
460 70
626 8
183 11
451 78
662 97
826 98
986 26
269 12
613 16
741 57
22 49
755 33
462 80
27 43
896 43
353 55
764 30
262 46
293 12
75 6
660 1
3 46
326 23
657 38
90 49
46 12
249 100
44 10
232 22
805 27
864 9
833 27
839 47
925 83
510 99
788 70
251 42
815 76
764 23
866 6
571 11
317 19
63 12
880 94
133 84
772 49
193 4
327 83
402 3
217 12
954 4
81 4
497 47
780 60
69 97
817 91
907 33
161 21
196 40
614 81
76 85
381 20
341 7
2 42
662 18
5 15
573 37
818 69
683 49
680 3
945 97
93 4
981 53
524 29
293 38
209 20
874 41
339 66
647 92
660 60
261 64
274 33
101 44
253 35
744 84
238 89
132 30
892 13
935 67
993 79
256 53
298 30
493 88
47 39
679 6
151 39
722 24
123 74
219 27
308 63
10 97
651 42
579 94
606 13
660 98
91 16
502 40
397 94
727 43
484 5
501 34
695 74
58 69
747 76
895 6
238 56
655 40
397 33
485 54
97 45
303 87
412 4
278 60
149 4
602 33
760 54
266 6
379 75
974 25
303 20
883 92
475 37
484 24
121 68
929 17
464 32
755 75
387 32
34 36
387 88
168 98
793 85
303 72
812 28
648 14
847 82
5 73
418 40
896 90
808 25
106 71
408 60
498 46
243 83
681 29
222 100
478 15
337 32
538 48
759 37
261 57
419 17
982 88
809 77
78 16
53 83
238 60
395 35
958 37
970 38
618 91
190 95
557 26
227 46
25 37
983 37
646 1
253 27
940 61
503 17
28 8
552 66
719 46
352 76
582 73
666 99
216 55
646 72
732 72
570 56
208 52
392 53
304 96
831 43
409 34
612 36
593 63
53 11
108 57
987 41
429 52
240 44
858 85
768 89
108 37
696 67
240 87
872 43
82 2
137 42
387 48
630 79
910 82
290 17
790 28
410 71
631 1
566 88
237 85
428 44
21 23
10 60
561 33
154 94
935 91
836 21
38 65
300 100
498 41
668 40
568 77
210 50
77 75
389 13
460 16
8 32
290 70
444 50
602 49
843 36
239 30
209 29
494 60
928 44
800 47
983 19
24 44
268 52
318 8
765 29
823 24
313 64
493 56
665 47
56 59
334 95
889 42
275 34
401 54
429 52
500 11
270 75
954 89
327 24
896 43
104 70
566 16
885 11
523 49
209 79
408 42
225 48
436 51
381 88
404 10
740 55
572 61
130 78
602 8
501 49
250 56
919 67
724 3
929 46
704 37
176 11
31 100
758 66
602 90
653 5
299 44
612 71
105 93
748 58
900 100
906 1
907 24
19 30
979 48
876 82
436 3
144 66
155 1
283 56
742 36
113 41
31 24
263 87
816 62
544 67
313 50
567 19
625 85
849 3
884 76
636 20
478 31
137 32
383 20
388 25
707 52
165 37
575 79
224 42
492 67
808 4
568 26
22 93
662 22
147 98
297 35
217 27
265 5
758 48
124 97
772 82
700 88
919 74
418 94
367 9
612 26
712 80
603 85
724 65
659 70
