400
100
86 23
107 77
482 85
613 83
566 64
807 86
780 18
413 62
881 35
732 5
876 69
407 1
280 77
610 39
739 14
129 24
988 35
552 21
372 64
4 37
28 10
375 59
228 39
520 60
873 3
264 1
971 22
653 2
199 14
93 37
628 21
112 67
808 63
788 31
827 43
819 6
952 45
716 31
683 35
990 8
189 5
360 59
627 12
113 77
625 5
465 4
777 76
571 84
590 58
466 68
500 85
325 3
829 40
686 64
626 27
771 14
632 30
325 10
493 37
786 17
993 2
721 69
177 43
705 18
1000 70
238 51
806 62
5 35
602 42
850 79
69 20
393 52
101 69
661 93
505 98
709 97
399 81
617 27
423 21
396 74
491 33
624 96
195 81
282 48
22 31
78 90
102 22
493 54
890 53
146 46
302 7
594 100
987 11
978 62
531 74
535 73
6 11
21 52
491 54
699 64
137 77
306 90
598 98
144 88
951 89
585 4
847 79
304 86
389 33
947 71
6 81
996 64
343 68
915 85
21 14
49 9
742 54
99 91
503 42
530 5
882 15
409 81
293 64
266 33
696 12
303 54
44 50
417 39
17 31
923 90
296 71
898 89
676 48
80 79
941 9
983 75
75 43
255 19
806 20
751 2
83 6
555 78
55 71
216 24
653 39
165 49
461 14
337 37
762 68
667 2
729 1
876 3
744 82
874 49
1 24
402 35
381 8
913 88
630 28
563 83
266 27
583 79
140 19
567 1
39 33
955 67
585 82
921 28
664 94
229 16
770 82
451 50
290 63
289 19
842 51
201 8
577 83
538 17
54 4
969 92
336 75
210 72
457 30
952 72
276 80
487 97
513 37
898 2
651 87
721 93
37 73
952 66
408 89
682 13
592 2
256 79
277 65
550 33
946 1
204 73
32 42
969 45
331 67
698 81
53 70
825 41
43 76
406 2
616 39
614 59
441 21
837 69
37 39
153 82
591 8
907 23
749 27
519 79
93 16
412 97
338 36
290 32
364 47
533 31
486 98
890 78
718 26
346 54
464 98
87 7
205 45
381 5
572 99
736 64
466 47
513 3
734 2
534 49
848 18
780 85
915 69
314 84
746 59
737 62
508 76
968 64
520 48
721 91
246 56
107 63
602 19
218 87
772 3
136 71
521 15
656 87
935 69
771 80
980 59
241 39
386 8
903 6
555 75
348 52
430 54
567 31
424 84
69 95
886 4
518 58
118 73
897 4
493 19
84 72
877 24
663 63
532 17
520 86
891 67
590 20
673 56
702 96
939 70
643 76
974 60
286 43
684 82
847 76
200 30
1000 28
605 62
42 36
578 13
574 68
132 63
139 4
318 40
251 8
609 45
135 34
756 20
377 91
953 75
967 4
856 18
284 60
979 77
596 8
590 21
727 21
683 65
876 52
704 78
311 64
75 45
598 82
217 26
973 21
252 39
377 7
608 60
566 38
336 13
845 77
385 23
349 19
139 76
770 42
54 32
857 80
229 6
661 97
483 33
317 34
923 45
840 30
56 58
819 44
622 15
20 7
937 69
425 75
944 47
268 49
978 25
180 58
282 41
354 65
473 23
498 48
67 90
629 75
799 48
218 20
462 37
778 99
957 55
825 53
453 93
953 82
569 33
340 2
973 45
966 97
67 16
896 86
505 25
960 3
972 77
74 85
765 4
183 22
110 60
326 62
452 78
343 72
410 82
573 34
727 91
531 45
706 26
630 10
302 41
864 25
469 89
410 34
492 44
307 1
303 32
162 6
909 57
477 71
890 2
404 68
292 86
113 97
64 94
558 65
35 21
990 3
