400
100
980 11
37 65
452 43
203 73
310 73
608 40
217 82
30 87
328 84
736 43
56 71
161 56
579 15
743 48
975 31
817 54
741 54
70 92
448 73
416 10
345 23
49 13
404 30
499 83
765 87
477 21
657 37
976 36
404 18
135 78
148 51
683 40
156 53
783 4
377 98
65 21
220 65
986 75
894 36
409 59
422 86
479 31
874 6
666 77
523 100
654 22
750 89
613 6
441 95
861 17
592 25
889 63
389 26
137 34
62 45
292 83
782 22
265 56
279 30
284 1
81 90
174 83
978 86
440 18
532 100
586 75
576 26
637 16
52 25
949 13
22 93
947 3
66 12
810 45
493 94
497 26
383 23
108 60
808 47
129 92
198 66
166 73
243 55
440 46
279 88
758 52
332 57
455 98
620 16
94 64
709 90
389 43
612 96
802 72
394 82
463 91
699 80
715 42
486 54
587 65
894 97
416 25
105 22
974 76
838 67
539 98
657 28
341 20
775 94
391 69
128 5
111 26
537 26
119 22
331 58
138 24
754 6
801 10
127 74
285 16
193 75
566 1
454 6
820 29
751 63
749 78
119 59
56 55
684 74
677 67
231 66
590 36
71 90
545 50
516 81
865 8
356 30
908 9
687 79
37 38
641 37
667 60
996 22
766 31
896 42
397 78
608 87
814 30
728 10
579 95
891 44
302 46
225 61
54 12
640 43
701 80
579 67
391 74
89 57
957 36
950 53
813 9
691 78
939 71
688 17
365 78
312 67
823 37
227 76
800 66
670 100
498 49
866 88
822 6
396 78
641 46
483 6
254 73
783 44
943 70
61 60
47 72
326 69
260 4
97 59
122 66
910 71
14 28
210 88
785 6
317 26
303 99
231 56
324 65
452 18
835 12
277 81
235 54
102 95
210 50
905 83
315 67
653 81
294 62
220 30
467 88
855 21
39 37
677 62
802 80
331 88
991 60
220 77
265 21
423 74
222 80
156 89
846 60
569 91
22 40
920 40
27 27
961 65
563 89
778 16
468 61
55 10
420 75
386 84
947 9
510 69
488 17
57 85
177 77
175 98
468 94
37 94
572 49
911 87
337 88
202 56
500 9
965 19
883 51
955 81
511 16
701 98
832 57
682 8
85 8
205 52
653 94
398 25
294 8
711 83
347 64
138 47
872 3
117 6
805 71
287 15
886 39
664 70
96 97
77 32
904 34
436 56
579 33
132 72
140 42
854 86
106 92
684 77
446 1
435 50
223 73
916 61
411 79
530 58
275 58
742 30
591 77
437 69
9 69
393 48
410 98
985 15
941 21
844 86
173 30
987 95
702 2
207 64
480 36
322 6
694 63
987 36
591 24
157 99
992 49
98 53
498 82
620 39
454 15
176 26
444 63
21 97
64 79
960 96
315 33
353 60
47 40
347 37
115 3
587 6
403 84
210 1
118 29
691 71
643 66
197 38
380 69
934 96
499 46
691 13
230 95
524 29
734 71
265 100
725 52
305 28
887 67
380 4
695 70
927 38
287 23
127 67
43 61
462 41
658 4
706 87
898 81
515 84
803 32
183 80
335 40
7 21
706 38
577 100
159 3
89 45
977 68
111 71
628 24
263 37
427 20
875 25
901 90
660 55
873 94
934 59
33 92
131 90
29 7
842 87
209 82
984 37
849 46
907 28
370 70
464 96
489 39
472 41
80 31
796 52
325 81
510 9
373 40
799 53
699 40
292 59
921 75
796 70
720 2
949 89
223 13
237 64
751 60
804 82
543 51
133 67
384 94
927 56
985 77
508 83
716 51
942 89
425 89
110 97
790 58
