400
100
312 30
745 31
255 29
657 3
354 37
419 25
873 62
544 25
567 77
565 23
33 87
476 5
778 28
5 18
727 50
579 38
932 75
868 86
603 77
688 9
413 58
585 85
519 28
361 37
457 26
12 89
764 87
793 41
466 49
258 92
951 88
229 82
862 49
67 17
325 6
125 89
564 9
373 82
189 34
519 45
11 82
133 26
368 77
666 86
778 75
377 28
463 58
609 76
758 27
492 34
132 16
522 47
677 46
481 65
331 99
509 93
232 93
818 99
269 83
784 98
110 13
125 72
822 85
247 31
111 91
716 43
58 37
641 34
834 21
598 17
471 58
209 2
450 27
301 71
861 36
468 70
300 45
893 73
29 40
403 92
230 18
86 39
706 26
373 92
847 22
408 17
780 16
19 81
994 71
3 55
458 71
176 58
767 69
230 47
560 85
638 41
454 23
779 60
449 51
51 47
825 10
963 4
425 33
536 19
3 39
625 61
361 100
570 27
220 51
273 79
487 63
271 41
985 50
452 85
552 54
431 76
663 46
331 39
78 67
857 33
757 33
245 17
985 66
595 4
316 19
335 55
481 5
95 18
654 98
954 58
751 85
285 65
482 16
203 59
834 60
343 90
244 87
58 28
752 52
432 20
870 66
926 3
722 20
520 28
269 73
285 19
209 69
783 42
536 85
953 69
396 95
310 40
234 19
219 37
370 50
108 92
767 33
294 41
404 65
568 72
989 4
690 50
124 24
591 60
161 43
380 8
838 90
547 23
760 18
759 30
119 67
73 38
899 18
78 3
234 45
974 22
200 16
123 23
839 14
982 51
608 62
259 45
403 57
867 62
274 78
643 93
844 15
630 42
784 59
44 17
55 70
591 54
385 13
576 75
426 58
278 86
271 36
182 25
692 49
538 18
26 81
62 21
247 43
962 83
101 58
399 55
727 89
408 63
54 35
389 31
244 66
216 14
553 98
890 97
798 28
914 75
960 27
395 58
369 8
940 69
65 91
975 43
31 82
957 84
68 46
915 12
363 30
177 68
879 67
864 76
846 29
850 5
455 96
714 75
304 54
643 68
696 17
863 26
350 19
810 17
516 24
80 31
205 57
498 84
675 13
111 20
841 61
676 47
556 89
821 11
394 15
579 89
783 41
815 84
259 76
900 27
51 80
357 55
588 54
690 62
918 1
781 10
113 8
108 20
548 28
231 94
94 61
734 28
953 48
711 63
875 10
689 25
941 97
532 80
602 21
141 19
373 73
628 37
80 35
209 80
14 91
273 59
951 6
686 55
906 96
817 80
358 58
705 98
254 36
530 56
808 70
374 81
943 2
369 74
88 77
353 54
719 25
912 21
983 98
275 88
993 92
667 2
949 23
352 2
310 81
57 18
550 83
650 44
136 18
218 23
947 22
676 65
899 40
38 81
537 12
768 81
755 86
583 3
861 86
257 70
166 65
287 15
447 36
559 82
306 28
157 4
49 84
620 47
123 57
827 11
969 46
244 75
84 78
778 44
463 86
113 28
50 52
694 49
39 4
782 96
731 38
299 80
122 71
78 96
927 57
607 47
202 2
322 37
379 51
580 41
188 45
820 89
148 13
437 86
117 19
882 99
508 32
978 29
802 8
577 81
664 83
679 17
736 100
854 14
802 85
306 89
181 77
930 28
989 66
514 57
936 47
656 44
278 85
424 80
744 100
160 7
534 38
624 69
190 29
734 43
613 39
684 94
515 13
473 56
978 86
664 66
732 71
709 62
8 84
441 51
484 52
158 17
141 33
638 30
961 71
25 25
762 8
70 76
320 43
483 49
