400
100
994 75
793 58
850 27
72 92
458 93
924 30
852 95
816 43
764 39
963 76
979 65
168 13
607 34
963 13
824 98
835 69
472 79
478 73
5 49
416 15
93 40
196 45
434 63
239 49
802 2
725 32
718 44
645 24
129 7
789 52
505 23
473 28
954 50
1 58
851 16
124 43
755 19
239 41
682 78
441 35
31 17
318 48
760 62
423 88
921 11
192 77
186 64
104 39
613 56
448 63
872 24
758 78
242 96
870 75
825 11
461 55
827 79
602 39
92 77
178 64
587 21
492 72
736 48
262 1
403 10
515 26
633 72
956 26
268 25
853 92
487 13
947 66
443 100
956 35
276 33
250 15
206 42
338 41
689 100
641 91
661 56
69 93
427 24
870 46
200 22
138 87
387 36
704 81
687 59
715 15
143 17
529 100
58 18
641 98
817 81
540 29
788 8
121 15
631 43
260 83
416 49
221 2
184 24
983 23
934 49
537 28
717 65
128 74
282 68
223 51
400 63
279 88
370 52
754 53
446 65
535 61
466 7
15 1
30 97
223 15
397 59
742 14
175 69
239 57
988 62
259 40
224 89
927 45
640 32
649 85
748 35
298 65
641 12
566 22
660 88
336 56
899 30
521 73
298 12
529 38
573 39
377 48
28 55
444 19
38 93
104 85
979 53
350 20
64 67
993 23
54 29
130 4
110 51
377 7
762 5
396 86
396 72
185 23
426 80
441 63
424 96
600 3
648 1
374 11
567 66
785 72
46 15
276 55
565 52
914 78
908 9
715 55
81 99
77 58
878 70
673 2
117 72
56 65
924 29
827 90
146 12
813 92
878 40
698 94
91 11
471 51
272 37
5 4
435 34
913 64
303 85
317 19
208 72
535 31
152 14
972 98
677 85
841 54
224 38
347 67
501 69
369 24
705 25
827 91
158 39
154 12
676 23
583 83
546 69
14 98
182 37
995 10
121 35
763 97
724 61
715 24
629 83
347 33
159 25
823 69
616 29
480 91
503 14
525 48
235 38
745 68
875 91
978 47
925 40
395 1
553 9
224 81
543 23
866 2
799 40
370 14
720 1
56 22
967 81
270 1
470 14
968 96
105 45
43 81
37 37
733 89
898 9
121 40
231 86
493 81
26 62
795 45
415 50
967 81
430 88
933 52
953 100
947 9
197 41
790 85
130 74
525 27
182 45
466 64
631 59
145 8
172 91
104 38
140 22
318 22
9 2
173 62
854 71
370 50
812 11
986 41
385 10
967 18
154 84
682 36
94 26
143 18
468 99
555 7
20 25
880 29
826 4
342 79
875 11
80 86
574 65
626 58
574 44
875 80
727 8
215 73
85 10
790 52
308 44
511 27
920 90
707 46
794 48
424 20
111 56
705 84
920 82
993 46
977 19
925 3
127 91
227 63
200 16
115 59
712 25
538 31
366 44
728 11
644 4
530 54
359 86
789 30
267 81
475 43
351 51
298 77
594 24
392 45
892 6
4 55
482 41
585 47
136 13
358 79
816 87
884 26
473 72
155 91
804 82
686 55
84 83
983 77
858 74
822 1
231 77
55 12
69 40
559 4
304 68
335 71
154 70
348 78
242 2
69 97
483 6
551 67
440 86
595 97
259 68
750 90
944 4
553 64
795 11
920 50
378 6
920 84
175 67
861 68
121 81
165 55
738 67
873 77
952 68
826 63
587 75
404 83
378 56
246 73
419 17
622 48
122 94
31 97
512 44
64 84
876 28
939 14
647 63
790 98
630 15
160 69
189 15
451 19
871 96
91 89
213 64
436 86
309 19
982 73
414 98
156 89
