400
100
657 68
177 64
703 98
547 86
150 5
909 91
235 13
781 7
632 39
222 29
66 67
749 25
569 8
328 35
610 16
429 18
583 57
33 38
355 80
623 56
84 83
246 71
648 78
629 79
16 2
759 33
268 7
410 37
815 89
623 76
304 3
394 86
360 26
523 66
357 97
273 93
732 18
463 79
895 43
9 63
645 67
47 64
625 56
452 91
896 27
567 99
829 12
437 40
89 59
957 46
808 29
238 91
98 52
269 45
846 77
959 42
395 5
106 71
813 9
162 8
335 80
259 64
743 95
55 31
5 12
628 12
240 17
54 90
620 22
34 66
950 92
659 96
348 16
67 60
25 80
220 59
11 78
874 53
524 29
935 28
292 63
692 83
779 45
572 51
67 57
568 68
948 26
64 96
342 30
807 18
61 78
76 71
207 2
823 30
582 57
610 73
671 1
755 2
397 27
552 63
283 19
183 83
344 46
230 37
727 88
754 87
118 82
857 24
483 31
406 64
787 15
936 10
667 42
611 63
720 14
878 55
632 60
937 27
657 18
716 83
905 69
169 22
650 77
698 84
407 3
547 45
469 34
354 35
876 16
197 95
829 26
949 60
485 37
139 41
754 54
875 11
674 43
384 24
771 81
807 77
535 6
722 3
539 75
489 66
391 38
713 71
463 61
383 100
250 21
440 55
726 15
365 99
709 49
722 80
181 81
8 16
938 29
70 28
156 59
594 98
948 6
468 10
318 50
61 19
722 1
274 47
167 90
846 27
738 19
58 71
151 66
986 88
146 7
916 1
317 9
550 64
166 18
26 83
219 86
754 41
938 27
739 56
16 84
35 6
855 92
376 5
157 13
93 3
119 60
955 88
220 5
403 85
874 28
219 44
866 72
736 55
998 75
963 66
410 97
471 64
88 46
269 97
910 13
251 80
72 5
167 91
61 70
675 86
349 45
730 66
217 65
73 66
939 35
283 49
31 53
964 70
950 32
66 59
944 16
591 15
873 57
305 85
678 31
571 79
576 52
944 44
116 16
61 7
50 44
107 32
448 70
902 98
302 19
608 97
987 98
612 59
307 68
495 36
951 65
714 78
716 10
373 84
377 33
590 79
128 48
210 76
117 63
325 70
782 84
367 68
834 30
978 40
949 72
827 51
889 41
128 4
902 100
787 78
285 28
56 64
127 66
691 44
728 15
365 61
299 83
980 32
764 57
623 65
429 1
315 69
693 43
272 94
294 11
872 30
490 27
694 17
544 84
212 24
751 76
836 1
11 16
884 74
772 58
838 52
658 5
220 51
299 44
296 44
606 67
874 95
446 19
63 41
654 74
316 4
202 52
804 12
967 39
337 90
896 27
642 54
383 13
256 81
56 51
624 13
70 49
108 15
767 70
207 21
796 23
176 49
674 32
912 92
370 48
81 66
126 74
171 8
287 26
540 94
328 64
707 97
12 66
263 31
687 70
903 34
992 78
182 65
761 93
656 31
341 88
748 18
162 70
678 100
47 17
845 74
380 51
123 44
68 85
226 55
854 28
588 45
557 70
861 18
214 68
800 6
956 99
724 17
520 1
916 66
617 60
291 49
663 65
444 82
150 69
836 3
796 76
200 4
897 60
373 10
928 24
16 83
774 91
351 93
491 18
210 59
729 53
807 91
617 50
473 66
270 60
121 17
787 20
121 83
731 45
145 58
369 12
892 42
602 42
787 44
211 96
902 40
200 61
682 17
662 54
934 32
166 6
348 52
725 20
987 8
665 31
465 85
642 9
526 95
302 12
38 13
660 39
452 59
351 33
27 13
639 61
296 4
