400
100
185 5
514 39
945 47
999 93
915 96
416 28
662 27
766 65
572 56
112 14
760 77
608 42
296 41
875 28
625 16
262 9
20 27
699 17
873 50
209 88
645 24
615 58
702 32
274 73
987 85
486 98
13 45
339 60
886 66
688 62
581 49
670 52
75 20
268 100
769 28
439 65
804 53
774 5
136 99
130 75
135 67
572 47
412 63
807 49
828 94
510 60
794 31
63 68
250 31
519 71
510 57
487 13
9 13
818 97
11 99
971 98
265 42
644 76
156 50
676 35
295 85
94 88
715 57
308 17
839 26
39 48
783 77
13 43
489 30
639 52
480 61
349 44
855 44
772 10
146 47
345 40
984 90
880 98
298 87
366 36
364 56
836 46
633 48
641 73
29 31
676 8
592 24
603 98
720 26
807 65
173 3
304 8
293 35
557 90
721 23
78 37
678 13
582 62
112 74
135 40
205 62
999 48
538 1
945 57
327 3
121 51
958 76
358 50
311 14
191 31
188 20
467 18
884 1
879 95
326 65
486 82
527 84
29 64
437 25
320 63
780 92
965 37
567 74
338 77
939 80
260 27
500 78
344 83
830 74
730 56
291 15
37 17
699 18
232 35
742 3
249 73
46 65
609 12
238 46
489 76
826 100
654 77
177 97
411 7
923 40
514 13
355 50
381 5
319 64
891 61
218 39
285 63
703 94
874 92
191 14
819 68
165 73
44 42
821 55
700 43
594 13
307 100
114 39
704 33
2 94
845 71
84 29
833 38
22 59
781 13
124 100
580 89
72 76
982 44
430 81
339 75
245 97
27 58
36 82
790 89
676 34
960 11
115 92
249 36
202 29
700 26
980 32
966 3
607 47
647 88
979 37
114 23
333 40
932 68
222 22
109 49
707 68
359 21
211 59
309 13
340 60
90 19
991 55
74 49
353 20
688 83
408 2
905 40
293 36
460 66
909 68
114 68
635 25
140 97
135 48
609 26
808 50
497 50
456 70
99 60
641 86
842 48
939 46
139 32
934 98
97 94
517 63
161 3
739 1
700 25
100 8
51 59
710 99
409 65
468 59
325 60
996 18
507 35
264 97
518 49
595 14
94 11
528 55
614 18
907 65
195 58
324 45
969 33
495 29
550 62
587 74
421 82
391 79
868 6
275 85
906 21
351 100
332 78
606 97
848 64
313 42
573 36
638 41
669 32
269 18
445 55
443 65
789 85
143 56
543 69
41 100
990 43
151 73
972 56
321 19
971 33
212 44
268 49
84 36
332 5
505 76
559 99
992 99
484 86
707 78
255 99
177 44
841 28
268 12
435 88
983 6
220 94
301 87
395 36
775 78
440 79
854 51
930 97
49 13
683 7
142 89
205 18
884 97
997 51
209 84
738 43
189 57
736 41
795 82
576 21
560 16
552 65
718 81
313 18
893 95
225 86
635 81
703 18
178 52
20 38
835 57
280 75
65 67
215 12
201 42
132 12
509 83
228 26
163 40
344 7
887 20
792 21
700 47
391 29
898 10
966 32
167 97
458 83
316 72
794 16
165 26
979 74
960 6
899 23
745 94
529 31
513 73
504 65
519 94
793 68
303 59
851 21
707 8
404 22
331 49
889 95
826 67
520 86
72 71
908 69
364 88
799 29
812 54
793 30
547 85
449 2
695 99
22 2
958 77
775 88
326 64
135 51
530 6
936 54
776 95
122 92
335 72
720 46
926 12
828 24
448 76
25 43
927 47
896 84
823 70
524 100
333 10
651 15
15 38
168 91
133 41
282 67
264 1
612 89
864 91
13 11
67 37
805 93
435 100
876 58
