400
100
839 70
304 84
439 93
700 60
686 37
808 6
323 55
15 23
871 87
964 45
934 14
949 7
696 86
552 12
953 33
805 43
955 8
626 93
153 25
104 38
614 12
995 88
18 9
210 88
996 74
184 29
739 33
887 34
670 38
897 22
223 1
116 29
160 93
921 12
770 77
501 83
640 96
22 9
856 31
897 51
756 32
131 94
916 18
927 86
807 75
559 29
875 75
557 87
767 30
698 88
558 99
622 49
46 43
557 1
226 5
752 81
237 34
827 4
603 5
89 10
280 48
790 6
674 99
892 92
880 90
680 89
140 1
337 85
944 93
85 69
50 88
501 38
774 79
141 76
784 30
137 15
229 27
920 2
977 12
693 56
753 72
644 44
25 32
428 20
224 64
840 25
404 40
262 77
371 3
904 54
984 41
920 12
319 39
113 95
2 57
502 54
881 97
997 5
828 76
576 3
992 15
380 95
106 41
571 76
395 74
981 78
866 100
589 84
91 53
830 92
562 83
198 42
531 94
698 10
322 73
465 13
687 44
707 92
484 29
620 31
454 100
608 20
852 49
855 42
953 37
385 14
71 82
307 2
128 4
663 49
628 27
113 14
970 71
458 6
799 29
36 4
28 95
275 31
895 82
524 48
518 9
713 40
842 20
541 69
375 4
769 3
682 33
668 52
403 25
809 1
553 96
157 33
542 31
515 37
912 39
284 81
299 48
721 40
367 61
461 42
816 81
96 98
814 63
501 16
240 61
769 92
856 25
76 97
355 43
185 19
333 68
399 31
816 19
122 34
732 34
627 99
515 22
396 80
485 48
895 24
908 15
867 15
939 95
864 46
237 48
264 69
868 62
551 35
133 72
568 64
958 47
114 24
268 10
503 4
109 49
179 17
764 46
483 54
692 46
699 28
394 14
848 61
328 98
295 60
421 14
675 30
760 88
553 28
649 55
483 58
156 62
126 19
59 8
972 50
954 23
29 99
336 28
959 63
977 5
474 49
818 48
479 78
288 31
957 36
438 91
45 45
452 22
863 62
130 86
963 35
560 91
485 96
570 43
910 46
399 84
295 16
883 25
145 70
507 1
458 44
244 2
888 95
24 2
909 5
640 71
291 99
214 75
446 83
569 56
681 67
739 75
534 21
451 79
143 57
131 100
901 74
453 40
421 28
594 29
684 85
199 74
783 12
100 81
195 20
936 27
986 26
201 20
998 51
550 40
959 80
91 59
406 44
351 26
371 96
154 7
880 52
380 14
116 32
594 10
851 29
888 89
906 88
60 4
90 9
395 48
640 86
259 45
381 61
870 3
608 23
509 87
727 41
852 42
72 46
503 74
326 90
462 32
829 21
487 70
481 33
317 21
718 27
165 50
239 87
905 46
761 13
684 87
5 36
328 28
981 30
702 58
219 63
241 47
36 27
316 16
960 85
988 29
263 5
831 54
891 35
699 51
499 83
138 4
270 17
931 2
647 32
259 17
147 100
616 34
578 83
49 89
619 89
270 34
893 100
87 35
186 85
785 84
519 74
539 40
91 70
741 89
453 100
657 51
851 72
484 28
555 85
669 25
273 38
758 65
37 44
299 22
981 35
257 51
709 96
991 51
617 31
591 69
82 47
372 32
519 55
712 25
739 80
301 63
669 59
879 5
254 29
278 86
964 86
789 24
681 79
526 97
861 16
718 95
362 89
578 32
295 41
8 86
372 9
748 40
719 27
744 72
155 73
558 70
259 98
493 91
476 18
588 88
485 57
334 47
97 12
78 91
552 38
776 24
746 76
963 64
854 59
787 8
783 96
478 41
393 22
