400
100
830 87
885 22
790 92
38 21
917 47
316 13
406 3
286 35
969 60
332 61
794 66
719 4
368 31
159 33
242 26
233 72
464 69
45 53
260 83
326 28
329 41
192 86
995 77
121 63
837 52
76 82
917 94
785 85
524 96
969 65
573 53
836 88
22 81
641 33
315 66
513 43
958 4
729 53
181 49
915 69
652 90
350 68
135 86
204 58
133 25
775 5
77 62
93 50
194 85
435 8
402 47
151 59
650 31
311 82
79 26
550 30
567 51
649 2
737 5
711 69
729 37
926 57
799 70
607 44
454 41
852 55
339 54
565 88
584 76
170 14
453 71
95 19
322 95
72 10
299 35
630 79
971 55
536 21
924 94
465 29
886 68
935 24
373 100
211 8
727 32
673 31
803 19
901 24
213 73
885 64
107 14
594 29
69 29
550 44
974 66
425 11
385 11
434 9
562 97
416 88
728 88
818 82
558 19
357 70
43 41
985 1
755 79
281 75
59 82
518 33
547 94
243 83
5 29
391 66
377 58
206 4
597 23
338 54
93 94
276 87
935 60
339 41
838 20
215 97
801 32
281 100
26 75
334 82
255 25
947 31
234 52
87 31
527 24
984 71
117 59
810 3
871 48
443 8
119 57
956 72
741 88
971 18
815 56
499 69
732 97
700 66
301 38
796 27
561 31
149 29
742 58
432 12
458 26
671 28
235 79
199 27
918 21
444 32
177 94
153 8
442 4
873 42
341 20
568 1
503 69
281 44
378 12
207 35
290 29
763 24
559 61
202 77
834 45
560 10
290 12
917 31
915 42
473 55
513 92
507 15
460 88
610 38
851 16
24 40
397 38
15 55
451 16
783 84
212 43
293 1
54 61
584 69
702 56
575 15
799 82
581 59
869 91
448 19
358 23
859 54
961 25
61 11
793 43
694 4
185 38
857 39
898 40
559 52
847 33
166 45
214 98
255 34
288 54
153 46
877 63
399 89
939 59
599 31
654 44
735 38
981 43
428 78
734 86
181 80
471 98
576 36
796 83
470 83
236 74
728 64
336 79
652 74
289 2
357 42
245 43
780 77
385 59
807 18
545 87
49 67
685 24
402 80
806 23
914 94
196 42
857 83
472 61
509 12
462 65
54 59
307 85
635 91
743 41
160 39
428 8
5 64
183 59
295 89
981 8
734 29
201 90
763 24
802 71
136 64
487 89
674 93
373 8
835 67
101 46
106 80
553 62
343 36
220 37
76 53
196 9
433 97
750 95
420 4
818 55
519 4
95 92
449 19
499 35
286 51
981 43
830 85
204 72
972 76
160 99
680 56
207 12
104 9
306 75
564 75
782 82
779 76
273 79
47 23
213 84
74 45
426 3
430 81
427 1
756 86
800 35
293 58
898 48
18 56
623 33
30 56
14 60
983 38
738 29
761 3
712 86
847 37
440 28
470 66
29 77
804 80
12 48
889 61
196 59
816 70
191 98
277 57
357 59
194 47
288 6
749 99
491 95
488 31
223 9
148 3
885 3
134 96
751 74
509 98
632 24
819 75
521 95
731 30
353 76
676 40
582 24
991 24
370 30
706 44
138 54
546 22
508 31
270 58
405 78
907 88
453 25
562 26
819 44
555 72
272 82
163 53
357 5
628 26
334 34
670 23
539 67
845 46
598 66
656 2
243 62
741 47
287 3
372 57
298 78
628 69
211 43
773 67
647 53
293 33
438 14
155 76
880 99
373 29
464 80
182 58
942 23
457 80
577 28
36 26
458 16
147 68
510 71
587 56
23 79
840 60
544 95
787 75
345 12
604 61
891 37
218 84
