400
100
654 3
676 18
576 12
945 99
699 96
827 9
505 99
888 66
470 29
11 93
611 52
523 75
55 24
96 66
910 6
681 63
760 8
132 88
619 77
986 18
924 64
678 28
114 66
746 84
646 8
828 56
59 50
783 13
73 78
530 35
283 62
897 95
270 29
82 40
457 19
909 80
582 87
159 95
504 4
630 49
11 57
757 22
806 91
886 31
768 16
565 2
329 13
796 50
193 77
190 49
647 98
28 28
36 87
275 91
442 56
392 5
713 100
578 70
390 63
100 57
230 16
558 59
181 54
860 73
582 49
374 29
499 53
808 86
291 34
777 85
690 68
889 2
667 66
623 56
280 75
564 10
90 21
420 22
826 79
995 8
680 20
988 30
472 47
415 15
581 43
199 22
710 87
375 28
904 97
135 35
71 98
396 61
171 15
134 96
446 80
403 77
199 42
6 23
889 72
137 21
315 35
442 76
773 16
456 28
812 90
562 35
640 10
747 10
476 80
805 21
360 60
749 58
653 6
932 93
230 68
713 96
754 54
271 78
321 78
905 85
668 19
719 59
128 65
468 3
344 24
876 3
535 76
613 40
82 44
432 11
964 45
206 17
650 28
947 71
906 51
807 25
21 25
935 100
989 54
455 84
729 82
739 64
657 51
803 38
246 34
400 9
730 57
278 80
785 24
702 42
426 8
318 47
384 52
298 24
5 52
407 33
433 97
348 90
847 2
179 93
88 31
653 17
887 82
548 23
505 49
416 31
108 33
729 43
336 26
566 92
130 25
425 62
821 24
3 20
626 34
464 13
464 68
881 50
750 29
725 54
29 40
536 89
225 16
331 60
994 49
252 23
925 28
36 97
151 91
468 28
924 31
840 39
751 73
88 100
501 64
105 29
304 93
369 28
608 100
87 1
300 90
75 76
717 63
672 68
853 40
995 28
422 87
866 72
259 5
671 59
469 28
639 24
120 8
3 27
59 41
680 10
131 6
285 47
568 8
66 72
447 61
251 21
599 68
392 57
773 15
967 93
894 57
68 13
316 70
91 26
510 70
435 40
228 19
839 95
379 4
919 25
316 69
397 14
637 41
122 61
555 88
705 100
397 72
812 12
193 2
438 2
24 72
694 51
943 32
397 21
787 15
497 3
836 94
16 72
386 90
584 92
577 88
91 73
59 2
37 51
155 74
304 30
697 49
780 91
880 29
663 19
195 12
121 30
757 88
853 42
977 36
433 6
723 23
230 33
776 66
735 30
739 39
812 88
739 91
778 71
471 41
989 66
304 61
695 60
948 48
201 77
983 33
182 58
155 63
190 82
29 77
211 19
667 74
906 5
965 36
375 87
476 63
452 79
823 47
190 23
46 90
399 80
22 32
437 28
694 79
809 74
255 71
193 21
745 50
325 61
485 100
847 12
414 51
90 37
149 79
711 94
20 61
573 93
392 62
920 37
340 80
863 94
803 55
514 99
504 90
311 41
241 9
652 55
159 94
243 7
724 53
852 44
413 25
136 56
786 8
944 77
487 6
70 41
212 35
891 68
124 1
408 65
710 59
19 20
152 13
879 76
565 30
619 29
154 6
836 91
513 79
767 52
585 88
992 48
122 83
215 98
435 22
962 96
681 32
716 84
296 94
59 12
323 29
540 29
135 75
471 99
505 90
350 89
129 94
237 51
928 3
200 62
425 13
858 57
196 25
640 91
870 51
702 92
431 93
372 17
319 95
916 23
136 65
264 64
958 52
866 85
654 65
599 78
577 56
886 72
732 78
614 1
280 15
144 10
259 16
627 77
62 42
400 97
158 63
460 16
