600
600
687 98
356 46
642 146
242 61
571 37
926 111
882 106
918 109
314 64
407 39
729 115
274 54
213 55
27 51
572 11
353 58
284 144
10 140
763 111
788 23
909 90
56 14
928 42
783 145
169 10
186 24
317 53
967 108
714 123
954 11
99 78
522 131
862 55
719 123
478 136
358 99
809 96
204 45
873 71
851 133
919 64
503 109
311 44
613 26
392 53
800 127
920 68
995 46
265 100
254 88
330 128
613 46
870 81
343 91
331 57
136 51
851 4
101 127
967 36
965 78
174 111
41 57
723 64
696 138
714 28
149 65
258 67
604 93
201 15
537 37
45 12
764 76
176 107
807 111
484 74
162 12
93 65
966 26
303 76
677 21
553 14
509 97
782 6
681 51
212 52
697 71
976 113
34 56
124 28
560 144
135 87
264 18
198 25
141 35
739 67
843 135
990 68
283 7
841 47
692 121
53 135
24 69
994 72
962 62
214 46
297 71
248 25
619 67
313 14
958 10
572 111
445 118
721 145
612 130
641 34
761 74
566 116
971 74
928 102
677 89
200 46
543 90
499 85
698 21
785 131
508 10
542 94
969 67
525 99
499 126
455 70
915 95
799 58
24 4
555 34
936 55
653 18
307 44
457 53
562 130
802 66
120 138
758 119
54 88
563 77
264 76
382 91
775 132
346 13
233 75
587 98
991 65
493 117
670 144
467 121
586 59
542 22
35 126
305 12
429 10
351 3
673 147
248 125
751 92
387 22
625 53
410 101
44 148
445 19
824 46
443 94
263 26
203 133
829 141
973 84
556 9
53 22
66 146
290 57
330 37
772 37
726 145
650 94
661 149
694 48
131 144
253 63
811 82
641 91
923 148
382 69
578 66
325 106
868 47
760 30
184 113
590 112
924 33
119 103
844 4
797 140
840 87
289 41
936 147
844 116
968 69
685 60
637 46
351 49
803 30
331 61
881 22
967 103
51 111
377 24
416 40
183 139
590 8
367 61
581 135
211 2
96 50
84 67
341 104
283 86
762 88
804 74
639 120
64 23
405 130
348 97
229 51
884 144
526 74
405 33
521 56
540 129
828 137
306 50
65 78
906 73
361 139
986 99
929 51
484 78
818 15
66 108
850 26
362 25
63 21
84 119
811 149
144 139
134 125
875 69
994 41
416 10
498 7
621 11
128 90
947 135
391 25
438 102
554 123
452 140
90 118
306 14
704 114
329 17
732 44
449 112
635 138
976 143
70 14
598 71
452 120
863 87
115 36
275 70
733 58
125 86
6 113
521 4
545 10
799 145
244 118
530 98
174 67
24 69
154 90
197 72
569 123
105 122
17 13
229 8
911 71
153 44
325 63
335 103
324 65
790 132
670 105
567 92
319 65
421 19
167 122
369 73
395 106
940 110
637 6
550 78
81 72
383 128
715 146
445 52
807 18
269 50
129 124
519 133
356 67
299 146
823 106
383 87
237 49
773 118
814 120
664 12
532 76
188 34
496 56
73 45
896 14
175 65
359 53
349 63
216 130
60 67
741 38
974 44
640 116
6 55
34 7
640 9
117 143
961 25
775 24
357 16
178 56
910 82
31 1
296 1
752 144
747 57
627 106
463 60
956 33
631 113
515 13
109 145
95 37
607 58
740 100
535 65
633 31
622 134
842 66
250 108
573 78
808 149
25 126
537 72
763 146
533 87
834 4
757 102
378 20
307 33
316 75
252 16
717 43
152 55
540 37
942 125
781 81
784 101
284 7
11 111
351 13
819 9
445 43
580 67
384 78
880 70
671 19
701 52
255 50
93 61
907 106
373 138
69 62
755 19
331 115
598 134
408 112
323 65
376 10
547 67
537 67
620 147
944 19
864 112
820 33
260 53
993 99
611 77
749 125
559 149
422 53
448 72
216 107
533 44
604 10
903 128
117 23
576 44
542 36
246 72
569 53
580 106
993 127
436 27
264 92
128 12
776 140
887 60
339 61
118 7
67 29
612 56
252 141
756 65
673 21
639 128
252 50
936 5
818 101
832 79
576 135
51 10
329 80
601 93
423 76
150 14
565 31
790 124
624 126
203 9
246 9
518 27
954 20
706 149
863 92
472 71
581 95
81 143
227 28
148 112
294 112
135 77
114 102
628 60
933 107
175 49
371 68
356 4
380 2
827 131
368 66
460 50
816 67
939 21
91 139
90 40
83 96
778 92
43 114
449 94
1000 24
21 66
59 117
287 57
357 89
793 142
309 145
87 98
969 21
632 20
976 140
707 59
863 106
569 52
145 101
332 82
933 56
304 137
173 21
992 13
34 85
999 65
345 21
212 94
130 91
476 131
483 82
941 48
452 85
478 53
464 84
616 4
367 139
197 83
433 59
523 117
695 7
66 111
920 42
553 69
367 55
656 118
106 140
320 5
791 114
917 25
998 21
670 100
299 68
851 120
981 3
483 80
264 99
336 2
268 87
536 40
925 70
979 76
107 112
156 80
288 15
823 42
310 40
287 140
368 71
230 79
443 44
157 129
603 89
356 28
304 118
721 137
623 135
257 24
235 135
596 19
744 58
327 62
604 79
196 78
522 147
839 48
932 82
598 18
211 136
486 96
555 125
852 106
681 3
952 25
580 74
763 10
469 144
546 66
684 28
50 131
756 94
96 9
227 36
222 5
13 52
729 80
153 143
373 142
98 95
543 119
366 143
815 7
896 15
666 105
696 113
373 63
354 143
