600
600
359 77
462 13
267 22
645 9
460 71
212 27
280 121
866 36
691 30
596 143
93 141
729 14
15 118
15 82
490 11
4 40
466 2
413 136
696 105
524 147
618 26
944 108
288 24
357 126
184 54
925 5
778 93
920 115
804 39
64 54
591 146
60 142
309 5
951 139
58 75
295 79
52 109
481 124
698 86
94 72
618 104
27 54
524 104
769 18
540 102
967 12
711 47
234 126
962 139
178 54
946 111
976 68
232 15
336 124
291 96
285 58
564 18
194 26
196 107
135 57
573 51
777 9
80 3
911 41
943 47
905 121
15 51
529 147
582 38
248 99
91 147
260 5
903 108
625 31
853 40
603 88
470 70
763 102
681 17
390 125
5 50
371 120
542 127
647 125
601 135
9 28
160 93
804 106
851 134
631 4
124 103
575 64
544 59
687 25
195 121
542 129
1000 112
472 105
702 3
351 51
711 76
86 69
662 15
536 22
253 17
980 106
321 21
34 99
554 82
494 142
227 70
57 3
839 45
346 74
206 118
255 64
444 110
599 44
662 107
486 125
675 82
43 109
109 117
261 18
49 104
787 123
618 143
289 105
799 63
274 137
599 33
15 13
281 12
906 106
449 4
224 53
748 55
583 28
990 36
347 126
85 44
745 103
230 82
642 142
408 100
610 98
843 55
509 18
421 109
104 90
364 25
247 136
201 137
950 121
963 45
97 122
823 130
27 50
215 141
12 94
810 95
823 29
768 12
292 2
169 63
544 130
460 121
118 147
723 40
749 95
174 79
255 30
837 16
808 66
20 25
172 127
729 130
635 30
794 30
220 110
623 111
209 137
74 39
301 61
18 34
62 83
922 141
335 141
302 76
615 5
908 111
212 32
595 21
473 37
754 8
182 117
278 128
829 13
323 147
188 116
800 7
234 72
751 96
777 96
931 21
657 96
370 136
504 107
535 136
282 77
51 57
891 21
968 63
161 78
72 100
375 135
725 30
976 106
73 56
64 14
801 120
833 73
914 36
795 33
774 91
893 61
740 83
832 92
186 25
788 106
394 22
33 67
1 15
453 60
173 22
186 90
488 98
423 48
623 117
375 135
5 73
755 76
844 41
613 78
451 72
193 104
436 34
287 149
866 114
571 85
410 9
931 117
506 104
940 149
153 111
518 48
69 123
482 11
682 131
588 10
524 129
310 2
954 76
944 121
641 13
329 65
172 20
315 117
91 144
196 60
16 137
703 54
336 119
903 147
982 32
585 60
153 56
776 7
883 115
859 19
419 123
232 92
399 37
57 58
199 118
523 109
817 128
893 117
708 115
127 4
790 67
441 16
548 7
2 136
386 131
976 107
330 129
572 114
99 117
416 112
230 45
213 35
263 51
894 55
947 79
46 110
669 18
476 106
529 52
981 65
405 28
170 24
303 135
559 142
816 101
25 99
565 18
218 51
1000 9
524 117
363 3
576 13
290 84
124 10
328 61
520 118
821 91
389 103
468 75
437 88
479 28
191 127
120 129
888 87
885 77
750 110
799 69
969 97
226 91
25 71
30 31
763 36
979 6
224 64
734 12
589 116
434 64
446 15
792 147
595 55
76 2
561 112
184 77
493 79
830 119
665 70
701 95
329 110
240 20
73 98
922 43
611 116
624 51
716 16
769 52
508 78
813 68
404 82
935 11
909 34
834 61
576 9
554 99
543 125
580 121
930 47
916 44
634 41
86 146
897 122
691 84
125 26
280 3
325 110
175 128
844 141
438 79
199 88
193 40
910 122
400 39
867 94
196 14
117 38
414 6
962 98
150 41
78 139
483 84
654 69
992 105
764 56
971 55
76 71
289 96
952 25
363 147
671 69
38 34
166 41
45 95
52 131
830 119
297 81
313 31
783 31
37 126
11 138
574 35
528 105
709 41
247 11
885 6
981 84
557 36
152 49
616 49
97 73
808 141
191 13
833 107
282 142
166 148
612 14
653 24
827 91
100 51
776 62
529 59
519 88
842 129
63 81
310 48
458 139
5 99
982 88
172 131
611 55
54 76
285 72
18 83
871 87
206 25
515 103
789 70
560 129
96 87
534 135
907 39
756 55
747 6
714 8
666 67
583 14
486 102
892 130
255 48
999 9
137 27
782 59
681 107
96 123
24 128
846 120
576 114
249 113
793 32
330 34
224 146
221 33
980 108
69 119
397 15
112 62
875 102
80 17
696 52
196 117
456 111
235 61
41 86
258 62
227 23
833 78
404 107
415 124
758 5
108 32
871 98
528 104
561 78
433 43
913 30
550 116
299 133
257 64
468 81
794 38
510 94
627 85
508 8
620 31
882 56
979 58
508 139
928 21
212 78
17 109
327 96
219 84
637 40
80 128
839 72
478 24
996 103
390 53
261 7
594 14
958 86
867 96
968 70
329 66
518 55
449 87
577 30
788 53
159 113
948 127
74 95
573 11
410 5
994 105
122 124
908 141
734 117
209 45
546 101
268 53
857 132
438 67
920 1
801 4
17 127
5 110
656 53
10 18
751 57
557 28
965 144
398 143
390 74
915 137
507 98
936 9
684 78
49 65
663 97
534 60
346 90
414 136
400 55
806 70
693 131
741 145
546 83
622 44
429 62
605 87
645 9
151 35
270 140
717 16
653 25
387 70
30 8
620 130
802 86
501 139
431 72
196 115
136 127
713 29
229 104
2 87
946 131
40 137
783 126
722 4
567 1
77 50
