600
600
961 19
41 98
796 30
417 123
775 89
788 150
786 76
36 132
967 136
388 128
689 31
240 92
309 67
387 6
891 67
764 116
828 79
805 25
387 133
973 9
628 122
364 45
326 111
735 105
111 56
897 13
555 143
601 46
907 124
840 80
164 126
668 93
496 139
578 60
889 146
355 150
255 131
374 49
925 137
319 61
392 62
901 141
164 102
388 99
967 107
732 71
373 78
633 56
919 147
646 8
848 1
44 39
526 41
969 47
584 150
830 44
242 120
798 9
744 28
791 138
243 133
428 85
91 77
946 43
880 70
390 47
725 24
734 29
927 1
534 100
418 98
440 132
883 14
594 41
821 113
380 98
215 62
43 23
296 66
63 130
694 129
747 2
24 104
340 8
535 58
576 76
461 140
979 97
86 100
867 139
479 66
617 128
917 139
28 118
66 104
22 18
302 54
706 33
125 78
848 35
916 47
13 140
789 3
87 22
913 65
715 98
634 132
741 71
568 81
717 49
534 86
348 24
37 50
314 55
896 47
707 144
541 72
463 26
254 125
597 85
654 59
636 142
689 126
75 22
659 84
629 147
551 48
409 137
402 62
187 55
514 46
482 142
995 137
946 73
549 145
842 44
720 24
145 49
740 49
850 118
297 19
309 18
239 135
294 33
806 140
694 3
578 145
915 30
972 43
460 128
104 10
644 22
886 118
110 85
92 37
722 96
557 23
706 79
782 87
59 104
556 68
443 86
178 16
567 36
813 44
588 1
840 31
902 98
498 20
969 40
734 70
515 94
277 32
105 145
519 81
941 28
901 133
277 101
41 148
472 111
681 95
491 101
424 65
448 124
978 81
801 35
200 137
499 62
323 141
308 125
551 2
930 74
349 114
613 63
153 88
597 149
360 24
716 84
950 103
398 14
559 86
552 73
941 31
331 17
791 76
90 121
564 62
276 120
236 100
123 144
903 43
683 22
374 136
405 43
751 94
675 16
771 28
234 16
495 132
808 89
124 2
159 76
499 52
909 123
417 135
164 19
429 36
342 109
348 105
680 39
96 147
573 106
213 88
554 3
740 52
243 96
756 70
122 132
801 5
777 65
394 136
22 62
13 47
285 72
292 57
353 45
659 87
733 132
67 31
931 32
776 4
930 143
184 14
329 148
894 106
678 133
649 23
62 119
846 8
202 144
415 113
833 12
835 11
475 135
943 110
712 111
695 9
19 15
937 5
799 13
990 102
983 39
737 134
535 14
252 20
2 81
126 73
237 123
839 101
747 7
298 85
386 117
153 34
760 121
351 80
578 87
629 145
927 119
792 146
208 49
996 140
470 136
373 47
373 82
789 24
332 90
185 66
403 52
478 140
679 144
194 37
45 140
584 5
98 36
535 141
196 75
105 50
176 6
138 4
183 131
379 56
912 30
383 133
990 67
113 43
116 18
153 141
435 83
206 121
630 102
993 137
669 33
611 99
536 118
968 69
218 13
849 65
116 29
165 146
7 21
670 101
734 119
293 62
750 65
40 117
372 27
758 96
694 126
613 85
887 64
666 43
263 68
178 102
699 25
664 99
647 97
9 22
148 86
310 44
989 74
941 112
928 52
96 55
716 102
843 78
199 100
547 84
68 47
584 95
798 37
934 23
681 52
215 47
489 107
867 31
696 77
790 150
486 27
443 102
233 101
368 37
324 113
256 117
843 63
244 80
844 39
574 80
802 128
346 55
263 73
937 132
406 145
275 31
784 82
778 106
903 108
717 93
734 93
864 74
988 150
459 61
877 149
941 139
208 46
504 103
846 69
293 66
610 22
81 75
886 39
711 57
737 47
931 17
863 85
182 103
959 58
514 4
87 127
67 50
629 114
127 134
512 83
437 133
267 42
758 24
962 119
67 10
902 64
874 121
253 25
545 74
22 5
956 113
519 69
530 87
185 115
748 75
76 94
204 121
334 35
688 53
719 118
525 111
44 80
57 108
11 14
50 126
797 100
727 148
205 94
733 138
267 39
55 3
103 5
143 107
652 101
973 17
468 48
7 31
847 32
128 73
254 118
482 96
926 110
683 101
171 55
977 67
249 50
414 110
502 109
63 104
279 138
20 124
841 51
837 72
788 71
212 117
42 64
39 143
903 94
651 99
464 124
424 20
22 68
61 63
235 50
987 32
793 24
855 114
873 150
226 37
355 105
871 149
969 67
560 34
727 27
6 22
893 124
772 142
751 51
514 123
935 132
396 140
751 9
861 35
931 105
948 3
4 126
951 60
670 14
224 79
221 117
50 144
367 102
505 23
819 110
333 35
325 121
981 129
308 47
198 95
198 81
136 108
940 63
409 108
280 86
91 68
192 63
71 75
987 18
718 4
200 114
191 18
744 26
100 10
358 3
829 64
77 27
437 134
586 149
494 137
20 102
389 43
993 16
538 38
204 106
525 90
905 56
300 31
432 119
853 105
904 101
789 42
105 46
73 48
975 108
944 125
878 25
375 81
862 89
290 70
102 25
712 135
148 52
19 31
289 45
846 81
54 66
241 141
113 63
423 43
99 75
201 149
356 73
927 104
82 14
687 142
936 92
138 126
569 97
736 64
342 111
604 31
958 8
210 65
370 140
787 122
377 86
993 135
575 106
133 30
828 69
684 134
737 137
802 66
295 63
483 119
694 75
373 134
859 145
651 121
881 139
744 95
930 66
956 12
594 87
830 39
756 106
955 126
108 54
