600
600
200 23
737 109
38 30
159 61
327 84
182 126
435 65
154 14
759 116
240 76
62 138
350 11
528 32
455 92
570 102
841 54
465 59
831 112
273 111
562 147
8 19
134 85
925 119
879 5
939 56
400 133
248 47
877 29
203 85
417 110
932 53
880 116
895 61
513 109
5 7
745 23
227 47
85 71
404 116
449 38
91 121
531 75
445 94
324 66
819 115
570 14
596 103
777 56
809 138
262 109
827 70
576 38
555 133
402 110
39 137
476 33
380 114
140 50
697 108
231 66
503 114
704 104
201 136
990 95
507 146
817 93
975 129
581 41
465 55
546 46
980 89
215 32
193 13
116 111
635 30
503 39
835 58
274 96
786 69
315 20
280 15
394 75
815 45
505 108
57 4
708 101
10 1
70 35
748 79
478 141
471 122
220 110
203 89
952 52
212 73
911 68
29 137
258 148
572 88
593 96
142 130
903 126
508 134
234 60
242 8
474 53
547 95
80 134
185 29
66 19
322 85
895 139
872 29
696 138
854 74
253 107
727 85
301 46
130 39
813 112
774 65
799 18
290 78
445 124
459 6
892 15
685 40
467 74
218 78
573 2
353 58
643 67
172 93
954 45
307 30
397 115
361 131
601 141
466 139
644 43
499 144
425 33
211 143
315 49
496 75
699 132
312 80
781 80
306 135
376 99
681 80
267 85
591 61
268 13
249 66
80 102
401 73
257 106
786 56
705 65
406 141
746 28
601 15
244 11
215 148
384 27
656 39
526 53
244 1
652 65
741 148
500 93
248 48
73 105
235 78
52 38
615 81
800 92
593 20
72 132
393 79
914 121
62 17
847 92
922 33
663 62
632 130
529 19
948 63
824 50
293 65
794 126
774 101
537 106
790 70
354 63
227 33
668 71
65 3
356 98
227 118
240 108
896 60
533 51
511 1
207 26
342 102
861 132
594 34
995 91
315 85
284 12
830 18
463 5
207 46
941 120
602 61
207 93
259 74
524 119
651 109
724 126
637 78
215 101
800 85
99 132
846 142
718 7
252 94
942 141
112 100
42 74
310 119
705 102
608 90
604 49
972 82
864 61
247 116
260 130
40 141
247 16
527 112
283 22
312 83
664 143
208 112
748 4
902 92
743 92
763 48
340 74
729 3
747 59
371 33
132 99
565 30
363 97
930 25
137 49
367 5
272 111
289 68
385 45
833 126
699 35
65 116
122 18
788 51
281 45
574 59
122 129
623 143
358 3
731 41
709 12
727 10
376 149
154 22
230 97
754 148
43 149
239 107
503 141
777 103
900 3
149 50
155 8
970 23
40 44
517 112
692 42
699 76
86 103
614 104
865 146
361 92
473 79
821 37
773 106
131 124
850 143
448 69
420 124
571 52
556 92
456 78
110 78
783 145
999 77
342 93
541 29
834 127
344 19
278 39
384 114
436 147
852 113
171 83
109 9
131 2
20 139
922 23
317 51
546 44
978 11
144 14
778 96
554 40
56 20
483 71
443 38
284 144
736 16
510 39
749 52
618 137
959 29
23 26
17 21
790 21
85 142
549 90
533 88
946 124
577 71
891 63
494 30
131 108
696 111
650 58
347 24
691 5
564 56
585 52
154 13
12 15
362 110
490 8
471 135
380 45
553 67
916 5
131 115
630 19
751 54
510 6
789 63
78 54
634 90
216 121
781 140
482 99
243 98
511 122
817 39
576 70
424 48
790 92
471 70
636 141
19 3
860 136
549 70
584 109
404 44
867 101
402 118
178 124
799 57
953 59
225 126
324 66
750 140
464 56
161 82
827 69
642 67
453 69
205 88
374 114
284 132
506 99
605 59
654 14
349 136
189 72
22 147
636 17
746 61
486 26
513 144
319 113
431 56
913 130
379 93
124 56
812 115
632 6
873 71
446 5
551 57
457 149
128 120
513 108
536 12
605 149
480 7
907 129
6 28
645 18
382 28
457 75
6 87
196 26
400 66
451 52
21 70
508 90
152 93
971 9
442 73
6 88
597 48
410 68
47 15
133 70
592 55
485 145
192 117
230 87
644 35
155 139
28 40
584 68
505 17
257 139
773 94
311 115
841 22
670 3
651 100
618 108
647 85
307 139
206 57
143 55
381 109
354 31
620 132
441 55
865 138
331 104
367 38
231 74
224 142
769 35
986 3
625 73
556 95
845 125
124 24
12 134
301 46
321 74
151 78
675 129
223 20
246 30
336 108
693 78
191 17
736 38
592 22
215 41
498 8
489 15
872 10
767 124
945 91
966 32
949 107
793 7
557 93
534 93
691 27
779 69
313 129
267 63
605 43
580 149
927 60
43 54
379 130
189 55
935 93
356 22
59 56
177 38
519 66
614 73
285 48
334 129
460 20
134 105
277 146
170 97
586 78
36 76
271 46
708 99
389 83
283 146
474 58
561 99
223 67
245 32
667 130
262 55
538 42
647 123
10 123
322 39
866 136
655 91
868 110
262 84
553 102
732 84
402 122
8 91
818 83
947 107
597 89
53 106
864 112
907 44
410 127
409 26
248 144
694 35
964 16
186 69
506 149
603 56
624 69
378 3
60 60
494 97
883 144
217 91
762 110
432 144
820 102
814 89
400 22
856 77
208 146
775 100
822 128
669 138
896 74
239 64
690 73
643 84
941 144
492 137
267 112
400 16
19 17
500 69
659 18
644 123
265 73
164 27
741 119
245 142
673 99
495 149
266 42
