600
600
622 144
594 85
599 32
429 66
47 11
354 129
151 67
129 100
908 87
107 117
33 44
461 34
549 84
137 49
720 106
593 148
903 142
54 5
563 122
871 108
892 27
198 147
709 98
890 79
102 70
447 68
78 55
837 36
453 31
393 67
836 7
656 10
408 7
715 84
938 108
37 94
415 96
520 16
595 87
67 84
184 37
934 101
78 5
668 120
44 19
97 114
264 122
82 16
197 9
117 93
206 98
792 101
461 50
39 84
233 96
248 107
402 86
103 34
816 30
977 27
50 77
462 3
316 80
737 138
777 101
949 69
484 144
767 68
170 21
655 110
80 110
670 8
417 89
188 8
533 142
925 30
375 108
907 2
449 1
339 46
988 3
592 54
840 139
804 65
578 76
23 42
379 95
944 82
530 88
484 23
519 147
652 112
290 16
939 3
414 36
631 141
291 18
616 145
550 53
748 97
978 147
421 149
584 120
2 7
94 137
838 63
993 26
157 9
366 78
318 131
222 54
170 37
391 112
288 15
895 90
53 133
68 101
819 104
221 21
397 69
177 74
347 56
739 12
92 116
858 80
788 57
960 75
597 83
518 36
963 139
162 112
582 26
357 64
714 107
108 87
238 74
666 45
715 130
351 68
684 141
834 38
751 132
718 45
434 107
992 5
392 42
652 125
86 79
881 29
402 147
828 46
558 72
655 96
197 94
61 80
610 91
649 101
506 66
896 14
458 33
979 144
580 96
4 87
79 134
179 83
218 100
790 73
767 88
660 106
728 118
457 143
689 70
884 48
973 57
636 72
725 39
727 84
233 136
784 27
861 72
797 74
941 24
11 17
571 128
81 69
310 56
827 76
452 129
156 50
951 5
424 79
638 101
800 31
658 115
224 55
427 106
713 24
651 13
719 119
74 147
415 104
740 41
647 18
897 29
584 29
781 64
729 29
576 148
409 88
357 119
987 51
250 32
256 112
584 60
516 23
527 69
231 80
632 46
850 132
921 144
996 32
686 4
726 82
348 98
892 66
449 53
327 98
134 80
893 102
166 133
424 17
344 65
538 45
313 120
327 74
828 117
161 74
483 70
97 65
597 123
695 80
896 86
864 16
248 150
122 7
652 60
548 21
699 124
745 145
303 92
774 44
763 91
727 113
870 47
706 111
701 73
288 8
885 63
872 120
701 119
97 88
820 87
858 149
446 60
943 36
700 36
365 68
128 98
273 37
828 63
758 51
543 12
49 126
1000 149
486 78
877 82
154 100
743 143
377 111
619 21
942 140
284 57
355 11
284 67
462 42
736 67
348 45
605 93
318 32
893 2
724 76
919 143
390 74
996 37
227 142
391 107
626 90
636 148
64 5
131 97
85 116
57 29
631 68
154 126
12 141
404 40
711 22
213 139
935 58
546 59
473 32
149 17
909 33
776 130
406 55
54 41
700 30
716 20
289 91
896 44
300 51
127 45
941 70
154 33
589 96
811 60
688 83
595 10
670 144
95 101
234 88
541 88
824 128
961 73
66 126
378 117
336 32
805 66
316 126
319 7
527 59
891 67
330 114
23 54
89 118
149 31
573 117
887 124
990 2
375 104
956 130
129 70
882 99
445 127
517 42
568 26
708 49
545 16
947 101
490 45
51 21
928 127
470 12
233 49
579 81
88 44
682 79
905 50
266 74
28 77
572 40
272 130
96 18
364 67
202 130
175 77
838 53
870 74
507 63
828 24
498 7
902 65
577 138
648 11
780 36
289 127
494 73
497 73
983 24
729 92
820 125
893 148
952 50
180 46
343 38
379 49
588 43
401 148
666 69
990 133
819 24
477 79
627 96
257 35
265 37
724 105
674 84
204 82
917 141
195 83
243 142
152 37
583 102
478 140
384 22
516 145
716 144
564 4
549 79
96 53
549 146
485 4
496 39
440 14
665 75
78 7
848 8
523 111
796 134
556 55
504 109
345 13
275 62
757 44
809 101
301 34
244 34
627 118
948 124
439 110
141 132
316 15
401 103
854 147
999 36
21 102
588 85
868 14
500 147
405 115
21 67
592 78
129 31
186 3
359 82
752 82
980 121
997 49
440 29
377 34
991 115
418 80
689 25
251 73
271 58
509 29
944 121
840 8
170 126
366 113
220 111
193 97
230 49
511 130
231 122
304 90
430 109
463 82
383 45
798 140
862 64
698 18
883 117
425 65
857 122
755 79
860 5
47 119
602 137
532 74
942 138
988 24
566 83
556 11
85 142
265 45
125 89
5 62
783 80
371 3
691 51
250 1
498 144
258 32
984 98
78 87
646 57
880 116
650 74
186 16
745 48
456 82
714 145
390 94
318 107
114 61
779 47
610 75
59 137
846 72
195 33
153 92
625 42
427 34
955 88
178 83
305 23
199 89
349 29
868 116
269 40
122 137
345 85
641 78
19 6
633 128
845 15
221 6
828 88
880 96
509 42
414 90
971 115
569 115
960 128
312 34
814 49
642 81
602 36
66 119
236 85
91 95
581 83
405 29
890 97
263 87
95 45
33 4
376 148
77 42
945 21
794 15
624 39
897 88
708 14
538 89
479 50
836 98
262 89
773 117
539 47
494 131
167 130
890 27
523 95
914 94
678 12
523 110
209 16
6 5
682 98
163 4
437 8
341 63
682 12
216 16
124 92
307 37
648 80
101 96
397 66
629 135
983 124
519 117
512 138
819 6
160 72
998 95
630 99
368 31
