600
600
817 130
319 81
316 126
356 112
341 150
160 144
137 23
971 53
553 79
724 56
512 106
468 7
55 144
874 115
932 118
176 78
906 35
561 70
761 68
767 111
75 133
944 94
548 94
791 60
783 58
54 130
854 30
81 148
355 130
804 24
119 149
708 70
738 104
250 103
225 72
788 84
891 56
623 10
828 117
145 69
729 113
307 108
167 30
877 56
1000 10
93 123
569 140
581 129
97 114
426 144
986 38
843 29
558 132
217 22
190 79
648 30
725 126
290 21
707 94
206 72
171 26
720 57
64 63
395 79
670 91
876 128
719 7
69 130
150 121
513 83
48 22
760 119
157 86
15 43
918 14
643 87
274 90
727 141
951 2
81 98
81 42
404 39
870 51
413 61
917 52
611 70
195 44
377 35
791 150
418 17
707 108
78 64
783 102
753 118
236 1
936 17
840 61
503 104
898 39
725 74
610 76
405 45
982 33
134 99
432 43
291 24
670 84
580 82
651 47
444 32
351 113
878 124
220 65
115 106
654 115
608 17
252 21
901 19
74 111
906 28
647 148
490 76
620 65
271 137
184 117
835 104
941 130
596 144
725 18
657 49
636 145
339 3
460 3
482 39
848 149
209 47
740 107
894 45
689 113
794 53
743 17
207 77
323 89
972 39
892 135
904 53
504 28
982 144
983 92
706 38
676 110
952 127
247 51
355 150
22 47
545 75
819 85
767 12
979 111
174 104
302 26
126 47
907 74
704 57
730 75
287 119
577 101
515 6
38 2
933 78
810 59
37 27
441 10
435 131
563 113
175 125
454 16
114 136
801 143
650 105
287 147
137 54
310 2
554 120
296 7
677 149
541 71
878 136
772 56
920 147
525 99
333 127
503 131
675 120
735 23
16 18
602 142
739 37
475 124
286 103
343 86
108 67
308 46
14 107
90 57
417 5
289 121
982 17
222 58
275 24
37 11
161 128
119 45
146 116
184 49
392 73
995 42
788 107
354 13
26 90
347 123
327 97
681 132
334 81
964 136
506 103
624 17
756 60
941 126
653 2
531 39
758 145
517 37
295 69
694 116
169 17
503 66
401 77
945 125
356 92
288 19
471 118
828 147
275 129
604 144
546 59
444 94
6 47
706 48
6 116
685 15
705 24
895 67
295 28
492 57
735 117
620 28
297 150
928 13
635 150
847 3
298 25
919 13
588 5
251 137
852 39
271 79
283 130
160 27
640 139
806 149
97 102
208 91
160 38
377 67
751 97
292 78
657 29
730 85
529 51
465 37
440 48
610 102
110 69
834 32
372 67
496 79
738 142
104 141
578 103
739 55
130 99
242 17
234 36
339 85
811 90
304 96
895 139
489 96
800 25
120 28
438 69
171 23
640 110
105 45
959 119
881 50
351 10
245 28
170 1
969 58
102 130
585 34
441 33
972 75
223 96
644 48
832 12
884 82
522 139
106 109
481 142
565 53
984 148
456 12
123 55
770 64
565 2
155 18
688 53
281 8
304 73
468 33
350 89
39 131
389 67
360 117
541 87
655 91
793 120
449 66
358 137
271 139
805 16
297 91
106 71
67 124
978 100
154 69
858 11
759 99
817 27
37 91
142 78
716 140
928 89
102 142
505 124
262 118
799 45
277 135
434 29
574 137
781 58
355 66
694 52
44 47
279 121
677 25
41 56
219 39
133 39
67 93
740 25
889 81
734 82
271 8
755 87
144 19
535 79
419 60
44 37
895 74
847 29
804 28
297 122
594 3
679 120
9 74
255 100
490 50
708 145
651 81
900 117
377 119
308 30
860 133
539 90
508 118
52 27
100 126
638 130
701 85
566 10
338 134
539 106
673 118
901 39
802 134
713 47
324 53
808 119
707 9
832 101
721 75
373 59
175 132
971 16
318 147
291 137
808 54
479 8
123 136
80 118
91 43
732 106
409 2
237 25
309 135
31 8
406 81
835 133
795 47
281 31
623 30
925 11
169 35
272 122
782 70
509 136
890 24
4 147
965 117
735 12
707 22
838 128
382 112
726 148
315 122
30 9
155 30
583 110
99 63
538 87
242 134
314 87
750 60
83 93
593 25
584 135
56 92
320 41
448 40
352 26
519 66
519 92
62 60
952 73
196 145
489 102
395 43
808 67
293 55
706 107
643 149
837 38
131 136
922 130
203 33
952 57
845 143
338 50
788 150
740 97
397 52
156 116
113 28
808 120
447 35
120 144
89 62
79 22
913 118
79 77
531 132
518 97
304 11
345 66
624 92
226 26
374 142
308 97
667 114
872 140
351 71
985 12
260 105
456 81
201 147
732 21
472 66
537 104
380 80
640 17
861 38
441 43
534 110
368 79
611 91
48 61
502 18
582 136
387 87
384 24
984 24
678 131
915 125
787 87
740 55
660 54
318 95
998 82
329 23
179 116
101 75
943 132
544 38
619 86
403 120
397 78
373 112
561 17
397 54
291 113
398 110
603 87
665 146
402 150
708 67
906 11
339 59
215 57
841 76
717 14
231 74
704 23
504 95
695 32
450 58
575 5
775 115
283 133
156 125
353 137
402 61
359 49
998 83
917 61
946 136
623 60
824 27
375 68
894 20
502 124
26 13
76 134
551 25
754 149
417 112
706 8
533 32
491 56
964 149
720 29
644 101
462 55
883 142
610 135
273 134
521 94
117 6
932 66
174 144
939 88
288 105
999 138
363 101
223 133
245 96
495 136
