600
600
339 17
749 123
26 66
133 44
71 122
737 107
526 145
379 30
292 24
940 104
828 140
416 110
172 109
928 16
141 144
442 138
946 32
487 41
546 66
544 7
19 77
644 36
411 117
356 42
828 19
729 113
702 110
293 16
55 15
77 42
778 19
298 78
248 53
498 54
834 63
39 66
785 63
656 41
23 124
653 26
650 61
224 37
725 110
758 55
989 101
159 88
934 39
7 136
538 106
197 36
104 60
317 90
263 73
31 105
778 78
40 43
87 97
556 98
616 56
187 103
566 74
334 117
399 106
547 22
627 25
315 61
390 122
447 70
862 142
860 49
907 48
899 26
83 85
239 15
508 56
622 100
251 63
867 136
429 38
622 67
657 109
540 127
374 96
53 77
898 114
102 6
993 94
588 11
962 74
502 12
906 82
661 89
320 17
88 4
316 54
536 133
655 67
151 2
132 79
730 112
637 30
400 27
423 98
833 108
865 107
397 3
706 48
510 7
900 73
392 25
110 145
397 37
346 75
608 126
142 144
253 111
587 32
553 150
52 63
921 4
767 150
724 150
873 109
515 83
199 109
131 71
3 47
584 60
806 94
896 52
623 73
426 113
954 48
223 138
19 105
491 148
908 60
71 8
455 18
338 11
261 113
618 31
276 130
383 123
990 131
336 69
502 24
678 112
375 87
921 23
824 52
190 91
413 96
210 139
582 142
924 29
102 56
667 139
989 63
646 41
677 131
924 108
685 135
522 45
429 8
501 43
940 23
585 109
968 13
774 112
796 61
709 81
814 35
377 5
407 52
1000 139
255 112
265 111
202 144
300 129
764 68
560 47
874 78
10 61
497 132
989 31
535 7
936 139
125 56
562 90
595 105
373 12
141 83
528 72
439 140
363 89
15 100
571 129
947 46
795 42
447 83
805 126
999 127
363 116
238 123
389 25
48 80
6 149
241 97
350 145
132 14
936 131
693 39
32 41
907 111
9 26
790 24
983 140
138 37
581 103
585 148
541 12
186 125
396 3
552 98
19 11
499 78
589 7
444 138
39 48
695 111
747 3
11 112
801 114
488 103
563 67
833 123
415 4
652 61
657 128
653 98
784 114
765 108
98 88
181 69
968 113
486 79
284 60
471 58
726 39
854 104
45 33
695 20
919 44
697 103
130 89
248 67
774 39
982 16
780 22
358 103
991 30
155 12
214 52
103 1
344 37
629 149
692 110
498 105
395 143
321 50
957 108
66 103
945 142
776 24
684 74
208 77
744 67
900 65
427 38
460 91
734 104
378 38
701 73
27 11
505 106
445 25
300 49
967 37
577 150
506 14
490 30
696 140
398 25
581 66
631 35
226 140
822 119
904 127
205 61
963 85
878 113
146 49
779 1
219 91
934 13
205 88
846 114
983 127
334 46
724 85
624 6
68 129
151 122
804 117
243 3
101 105
529 149
77 130
221 142
201 149
784 139
530 93
443 81
155 62
880 129
684 12
902 30
773 35
723 125
944 9
845 21
389 109
24 128
206 95
754 50
821 74
28 4
327 8
748 125
911 145
624 126
62 149
732 8
134 140
616 27
296 93
112 99
498 53
157 34
720 124
838 134
545 61
498 72
59 37
464 95
795 19
54 147
618 74
766 142
137 37
111 48
204 104
585 94
394 87
227 84
620 117
150 66
926 6
320 108
429 14
811 80
731 1
519 60
478 127
526 15
651 60
620 65
460 115
459 95
691 50
396 86
482 132
386 150
645 136
817 98
369 48
163 43
800 128
809 119
162 42
291 38
458 48
828 143
461 109
647 88
372 8
897 74
884 81
145 70
590 81
224 90
114 107
20 122
215 34
856 33
558 64
656 128
347 136
713 80
499 111
48 38
739 2
851 84
430 91
795 149
976 145
637 129
491 43
819 81
885 96
900 20
697 32
590 58
426 139
783 98
551 44
566 89
453 100
337 65
171 76
920 77
27 20
726 54
464 44
424 99
231 42
1 93
352 100
763 93
552 150
500 149
664 101
420 88
146 67
467 103
177 27
772 23
634 111
359 23
622 74
663 91
727 92
187 136
337 102
815 20
133 114
816 64
884 110
456 35
885 85
620 6
796 101
340 144
265 40
140 8
460 15
6 13
40 1
249 89
303 141
518 61
300 136
880 121
641 110
1 63
564 110
346 1
169 50
366 59
978 129
943 28
622 109
974 7
962 8
146 140
17 81
103 43
349 141
539 108
651 111
840 121
729 17
860 138
408 126
176 74
224 116
685 90
795 133
828 64
813 45
359 116
944 120
474 75
115 88
409 121
167 140
738 14
758 84
845 36
61 47
859 1
170 19
416 9
258 64
121 82
36 138
854 118
278 68
892 41
534 81
661 72
410 141
822 132
519 134
226 85
821 60
336 43
324 26
211 20
363 114
714 52
185 101
879 31
226 37
508 150
753 62
487 65
640 18
675 93
585 100
118 73
909 45
329 21
210 16
733 135
150 139
940 109
900 113
30 18
482 141
196 88
330 88
226 85
885 14
964 4
473 149
513 86
534 150
118 148
891 80
35 150
39 131
138 79
795 6
618 11
423 128
154 38
684 53
609 89
861 48
361 87
439 63
263 149
149 116
990 14
707 122
80 22
358 143
920 36
752 68
198 77
113 57
681 60
983 124
486 1
684 36
636 95
975 13
613 106
791 13
409 16
873 83
127 36
825 70
712 57
231 81
155 40
529 130
714 80
