600
600
509 128
879 8
730 36
698 68
553 73
354 30
589 13
515 81
995 99
715 13
429 43
759 59
958 119
373 86
462 25
792 49
928 41
712 116
621 5
754 133
728 80
849 63
1 90
97 27
582 103
616 77
200 54
914 95
469 43
696 18
240 118
558 144
206 106
988 112
474 108
673 79
889 87
276 123
255 88
662 23
265 52
902 38
140 108
790 102
257 141
763 42
813 129
78 135
219 146
325 54
240 15
200 93
763 32
97 102
506 16
289 16
330 36
894 23
280 33
315 78
252 73
574 15
140 100
600 34
543 13
515 50
920 36
473 21
58 3
785 64
361 99
486 100
116 39
738 88
142 141
605 148
777 112
138 54
529 32
617 11
720 23
665 88
489 49
736 116
428 110
920 49
915 89
469 100
411 68
37 146
260 30
29 66
923 120
493 73
716 126
161 128
643 69
63 132
326 106
599 28
825 71
772 138
591 82
821 131
45 99
196 48
419 123
722 25
180 115
587 4
172 122
204 36
329 7
385 16
703 83
516 147
909 55
639 135
303 26
487 114
565 9
226 125
98 1
84 49
569 42
739 38
440 85
779 58
432 109
581 31
838 134
793 125
849 42
542 42
196 3
985 112
629 121
466 57
944 43
341 101
583 64
304 144
40 113
871 10
906 66
736 75
102 55
555 127
472 127
567 108
432 147
559 23
431 20
296 139
640 44
902 7
762 15
994 11
269 82
826 51
235 113
110 101
432 47
422 120
117 39
975 132
542 33
727 70
255 6
144 38
618 125
159 109
145 72
758 70
421 77
124 74
928 77
773 99
760 19
454 19
495 100
975 95
612 133
601 117
521 139
575 72
183 150
154 79
329 100
381 104
107 133
884 93
90 95
181 122
939 132
477 4
402 111
19 144
987 60
164 131
391 99
407 4
687 101
923 115
730 51
393 16
958 67
439 105
539 137
461 65
309 108
461 113
546 104
598 69
841 77
966 17
534 74
819 12
456 108
889 136
469 101
166 5
917 85
137 10
571 118
239 117
334 81
373 3
961 110
635 50
652 96
57 124
619 96
954 26
938 31
56 132
802 84
201 51
686 50
497 16
759 80
102 53
812 118
430 145
234 45
41 136
476 30
954 29
927 114
857 112
631 121
461 100
407 137
433 26
330 58
768 39
560 144
818 14
277 128
805 29
640 84
873 74
679 69
486 17
802 71
195 123
371 33
392 2
770 46
490 61
138 42
865 82
689 147
908 86
639 97
128 133
301 29
446 146
140 138
202 10
761 25
346 113
43 93
666 80
289 77
831 35
991 121
52 53
82 39
195 69
844 145
819 71
591 84
286 107
545 99
612 34
523 41
396 119
625 6
182 132
418 81
765 122
584 34
244 110
995 25
635 138
112 70
170 21
836 150
995 44
793 118
725 148
287 142
76 6
164 76
203 10
25 90
107 44
771 63
114 69
117 116
582 148
682 102
551 37
626 55
715 140
132 23
71 15
310 69
22 63
516 121
681 109
479 113
427 127
16 20
551 112
476 63
345 105
318 133
103 89
394 65
445 149
117 120
225 148
364 7
979 23
424 44
329 85
852 121
479 60
841 139
919 129
880 63
886 106
715 74
245 104
351 100
365 116
369 53
464 48
687 123
601 100
555 27
321 110
569 50
590 113
146 50
623 125
920 115
653 21
283 113
981 48
914 80
90 123
683 32
886 82
449 57
947 46
528 46
536 78
351 136
328 56
234 120
631 136
279 61
25 24
404 97
715 113
240 44
302 146
965 101
329 71
658 12
591 145
331 92
961 65
102 150
363 140
935 36
650 64
303 84
683 59
147 102
801 67
642 98
58 102
47 38
397 61
696 128
641 12
447 97
490 49
301 134
26 60
698 150
454 143
570 67
769 50
77 110
199 26
509 130
693 141
533 48
79 52
399 73
834 80
745 149
627 85
487 69
16 62
487 33
784 98
2 120
467 139
762 24
314 104
919 129
431 10
144 105
869 138
313 40
739 95
629 43
410 77
321 98
491 7
695 104
299 55
96 23
971 82
3 38
546 5
889 66
48 128
955 76
54 114
286 33
793 3
72 72
276 94
382 133
845 78
925 14
392 8
755 99
404 28
662 119
359 104
18 131
595 129
522 115
507 108
753 20
614 52
486 52
333 134
727 110
531 32
309 7
634 5
692 37
723 61
655 41
500 21
138 97
483 108
558 148
474 2
668 15
939 42
777 140
919 17
277 77
434 104
616 12
124 9
675 90
51 53
315 11
339 139
754 90
341 92
885 140
617 132
875 62
877 3
891 98
241 98
90 116
251 105
725 96
874 143
531 32
95 91
31 39
445 138
280 6
671 150
657 36
186 107
464 2
344 89
376 37
706 104
424 2
984 96
208 16
672 86
289 58
69 148
319 75
943 129
377 115
818 76
500 90
459 85
947 46
802 52
461 146
998 142
583 37
303 133
294 87
715 72
890 127
118 123
669 137
408 88
34 70
667 38
611 97
348 74
175 31
256 28
46 47
43 24
982 88
188 37
494 102
988 134
885 115
652 91
132 114
93 107
19 68
8 5
892 18
803 81
18 116
194 48
60 92
605 130
26 117
151 72
95 95
364 79
752 128
190 116
16 9
659 95
593 119
475 27
702 90
637 123
758 58
648 6
898 108
211 35
595 123
378 76
404 90
697 133
797 91
738 18
174 114
572 64
946 123
713 110
796 133
535 53
