600
600
865 145
697 122
550 48
550 56
153 82
87 111
459 17
219 127
275 62
841 82
248 138
172 78
965 150
303 73
987 81
296 78
928 26
13 51
182 42
589 58
548 45
724 28
664 80
422 114
265 37
480 8
557 88
406 124
159 25
158 125
29 53
176 111
158 1
33 138
456 8
785 144
580 120
112 46
694 144
221 48
680 93
972 138
303 30
252 58
536 28
786 73
940 8
240 18
654 41
471 108
797 10
576 113
575 51
230 148
322 46
591 101
403 129
579 83
818 87
172 25
86 57
221 28
202 39
618 27
289 72
305 129
858 120
314 76
394 144
775 89
48 36
990 114
613 116
353 39
123 94
651 4
222 91
112 108
930 59
878 139
98 41
44 116
825 83
60 71
747 18
199 105
900 4
865 130
971 5
643 40
235 69
218 136
661 102
811 92
1000 123
966 102
379 58
753 27
87 35
76 1
949 76
125 135
118 51
390 64
316 90
897 14
65 65
779 2
849 82
821 52
492 73
676 119
738 84
964 95
783 126
50 118
961 109
578 114
812 59
288 23
613 125
123 145
947 119
835 123
407 31
897 51
425 113
629 116
265 139
775 137
28 129
827 95
740 69
883 19
419 121
923 26
705 118
84 44
49 18
945 14
987 22
354 124
213 68
892 35
285 1
55 122
1 15
326 14
750 80
558 67
160 131
869 2
512 46
224 104
27 37
636 135
562 98
65 64
524 83
69 139
316 83
906 90
651 30
676 50
135 104
336 128
995 36
25 140
917 76
933 48
537 15
941 61
396 46
681 97
223 57
371 111
469 109
52 109
418 136
50 82
438 56
918 130
235 12
4 103
398 117
93 13
13 76
921 138
792 109
127 30
716 28
760 10
261 60
339 144
516 79
650 36
786 20
549 127
317 67
570 128
357 51
320 84
598 138
762 120
979 78
41 107
835 77
195 40
399 73
173 11
128 54
844 44
956 102
828 32
162 126
230 40
487 35
228 137
36 96
760 118
291 55
292 129
825 65
112 30
861 124
838 8
76 55
205 133
508 128
46 19
712 142
924 100
298 123
992 64
633 41
946 44
400 107
593 147
371 147
62 39
402 48
465 79
162 140
154 25
264 141
940 41
890 15
245 58
446 149
654 110
731 85
277 58
165 76
484 40
380 64
449 82
418 127
850 17
924 16
242 11
267 30
568 122
222 78
508 98
972 17
146 58
470 63
654 130
282 50
169 46
58 51
932 62
247 44
150 142
115 78
959 63
662 149
705 88
793 69
955 54
100 78
487 91
521 10
855 44
639 138
692 9
916 89
14 83
554 42
656 40
953 112
617 12
49 113
995 100
734 107
296 126
244 12
199 62
464 142
934 139
139 137
520 148
158 148
878 75
831 36
246 12
160 29
277 29
986 40
130 27
305 13
735 73
642 117
943 104
108 107
640 116
253 132
574 43
735 9
483 65
833 31
261 51
358 32
615 38
940 25
454 149
656 129
340 32
17 78
783 10
943 2
888 63
625 59
961 55
67 87
743 67
625 10
817 78
57 90
83 9
133 111
86 97
504 144
934 50
402 9
303 64
440 130
898 145
663 61
642 130
673 78
903 88
5 97
324 78
81 138
121 68
96 150
405 133
999 150
801 93
253 119
971 5
603 53
955 72
335 108
748 11
58 95
898 92
399 94
920 148
803 57
859 132
405 52
228 119
118 89
730 88
3 111
879 141
757 50
120 107
437 101
192 123
748 19
805 48
206 44
624 111
429 108
656 18
769 12
959 12
15 74
434 81
334 29
843 68
122 74
259 47
284 27
259 19
539 41
826 3
294 72
181 90
231 112
534 74
658 39
310 73
619 9
826 51
645 76
940 102
644 38
970 80
591 17
941 55
434 75
172 49
1 37
456 91
412 96
126 141
502 26
650 80
183 31
473 97
264 9
608 102
890 113
352 94
814 146
853 115
653 132
700 95
904 7
794 71
599 61
592 115
829 26
291 63
206 91
684 47
257 105
583 6
343 136
10 132
1000 2
177 79
789 10
440 58
277 7
923 124
731 78
334 109
817 75
16 132
978 87
426 5
437 40
384 46
824 26
466 45
497 39
722 64
75 138
371 5
979 29
364 23
233 17
10 21
757 92
189 50
446 76
466 50
392 98
294 97
294 106
512 123
92 110
343 142
994 122
660 28
924 38
208 14
286 28
783 75
721 72
39 84
722 73
703 14
93 135
479 116
43 145
284 21
10 53
743 14
57 93
706 124
330 79
63 111
637 77
956 92
355 130
285 11
9 121
650 144
454 150
583 1
273 52
957 83
783 25
745 85
379 66
789 114
719 97
71 89
139 60
834 77
666 64
350 64
712 74
144 82
661 80
890 111
156 81
711 29
755 32
237 130
437 32
796 111
30 95
806 123
171 7
529 53
814 60
214 107
117 78
937 95
657 68
788 132
344 112
654 46
771 134
227 27
814 83
757 124
894 110
44 95
809 28
381 87
148 143
308 96
525 143
164 150
367 56
493 28
435 25
636 19
869 21
794 133
882 88
978 104
347 67
238 32
510 126
211 93
207 132
554 132
529 74
673 75
154 94
351 100
63 118
447 39
614 18
275 150
120 69
841 37
430 77
305 75
798 85
56 124
722 28
997 49
653 100
375 133
559 103
940 92
846 136
700 130
957 146
748 37
910 142
382 134
625 93
29 19
26 122
462 55
327 75
206 76
37 145
348 104
