600
600
633 133
365 8
289 84
672 111
380 51
201 116
369 72
624 88
648 132
850 25
202 136
348 99
601 43
232 137
28 111
366 81
522 1
677 136
667 60
679 18
462 90
861 135
23 45
626 18
409 61
61 98
797 83
862 90
106 84
648 135
935 17
307 6
800 108
730 78
923 112
720 74
296 131
231 26
387 16
385 38
724 66
122 49
173 83
561 55
23 15
861 58
824 37
728 86
767 82
730 113
910 40
165 60
885 72
319 40
609 85
219 7
859 25
73 113
187 48
615 135
53 20
790 90
319 107
726 84
384 62
936 72
168 111
670 4
70 107
75 82
546 43
37 33
78 135
651 81
997 44
47 30
77 144
728 123
469 139
808 25
631 56
671 138
278 47
540 148
142 75
780 121
543 57
2 150
468 47
422 86
320 18
534 17
176 3
643 53
346 94
371 114
567 115
353 13
147 39
795 78
172 33
216 17
167 57
869 14
260 45
217 41
70 30
70 108
689 28
929 114
645 125
134 41
886 33
459 38
569 22
613 47
885 73
661 34
647 115
265 83
778 5
695 73
656 58
891 63
358 112
482 23
945 125
467 60
586 126
497 95
648 146
107 73
323 20
668 109
758 127
937 29
45 111
852 129
754 11
904 15
590 44
941 5
424 124
205 24
731 57
657 104
871 1
884 25
867 134
791 66
750 136
452 25
502 90
18 93
193 150
856 44
934 76
533 105
512 7
631 23
758 71
623 53
378 100
953 58
163 66
931 7
98 42
914 111
29 111
422 131
193 137
895 72
270 1
887 46
39 45
619 73
915 107
270 90
816 44
174 33
101 81
302 99
297 89
972 89
214 45
732 87
703 32
838 56
222 117
855 2
587 48
401 116
287 113
650 93
812 13
385 77
952 25
21 121
198 32
296 120
197 60
818 123
674 78
145 39
536 9
50 41
428 85
80 72
282 107
618 91
172 148
519 105
835 142
955 89
478 92
486 94
233 136
34 77
151 125
168 28
102 106
603 28
29 14
261 83
376 148
415 66
226 83
895 45
472 6
603 92
357 28
787 40
324 115
209 98
684 18
218 115
383 141
407 87
245 66
129 39
626 145
104 64
278 7
430 92
500 125
812 67
999 114
827 150
660 132
353 14
208 100
356 136
495 3
192 135
585 72
657 108
505 21
888 15
929 80
387 58
119 64
596 81
492 87
227 45
886 3
867 106
675 41
447 90
136 64
838 35
713 144
497 78
699 65
897 56
944 103
278 21
998 144
357 104
477 106
900 81
596 75
119 77
140 55
776 43
789 118
712 44
353 66
984 94
661 144
711 14
992 120
930 61
225 70
444 143
33 124
788 57
483 66
334 76
222 117
407 43
564 20
985 137
763 79
660 40
264 16
443 31
519 22
184 143
644 31
445 142
559 125
806 149
91 43
863 111
314 14
906 54
235 22
484 62
57 16
509 7
216 48
313 133
334 82
911 32
771 69
398 13
317 54
814 62
499 99
387 78
479 30
556 146
718 129
452 142
640 101
186 93
78 50
277 116
239 28
764 91
525 125
306 148
85 73
761 128
75 107
248 128
209 109
108 3
319 95
830 25
953 73
813 146
25 75
879 142
769 98
462 8
997 4
478 57
147 119
820 136
242 84
633 76
348 107
8 146
200 75
169 149
79 35
857 36
26 143
940 85
69 34
751 48
969 40
146 132
106 101
299 22
208 8
529 18
945 121
84 127
443 44
624 29
617 70
254 75
324 25
181 109
612 95
114 22
700 46
463 90
408 138
663 98
534 16
70 105
179 68
993 17
683 149
309 78
618 118
991 85
720 58
998 86
804 64
337 34
353 136
437 124
80 131
799 86
98 109
604 24
706 38
959 61
188 100
845 8
304 114
836 116
885 144
13 64
564 55
745 72
560 127
289 68
625 119
828 52
932 90
136 10
496 6
308 40
661 127
801 124
702 111
809 48
3 71
142 17
705 28
118 47
789 146
888 77
510 117
768 57
235 110
962 97
856 24
800 38
366 92
308 50
535 40
588 8
234 74
53 99
8 3
325 121
543 30
537 33
840 63
385 59
439 4
753 138
682 120
561 30
328 92
907 59
47 32
390 24
777 124
672 66
108 19
276 26
454 108
553 81
688 26
708 20
365 11
378 63
556 13
211 127
858 15
100 33
485 60
747 70
226 34
214 144
451 47
68 75
687 8
608 50
673 86
857 41
396 21
498 28
133 34
248 25
764 144
465 53
988 9
552 75
521 150
541 36
420 60
356 119
548 96
945 11
599 1
375 122
847 85
238 55
509 86
338 33
971 23
801 121
251 6
165 142
48 27
565 112
616 40
246 5
562 120
448 104
11 110
720 38
129 3
420 26
83 38
24 33
473 16
895 100
691 36
221 11
761 97
245 3
313 74
189 35
523 85
58 73
289 5
854 147
25 135
560 62
199 144
216 117
291 108
977 17
879 72
154 41
450 133
634 42
545 25
427 84
668 16
453 108
604 79
985 66
578 34
200 88
938 137
907 13
761 11
955 44
505 116
667 112
795 63
763 146
972 115
467 54
493 92
809 109
757 120
387 50
753 100
299 15
525 143
232 138
16 38
553 126
788 134
734 125
376 109
2 29
973 66
160 102
143 98
656 120
3 134
619 8
751 97
218 89
852 29
540 86
347 81
448 13
945 100
23 141
982 139
698 50
175 112
211 20
111 28
781 10
767 14
990 149
