300
100
150 29
905 59
327 68
200 62
322 75
763 3
115 59
357 31
552 67
517 51
82 73
805 67
870 24
121 25
958 35
617 57
438 22
643 64
666 69
53 63
768 15
92 9
524 49
66 2
517 10
402 25
357 9
166 26
534 64
927 66
923 44
598 11
417 42
476 32
785 55
69 4
695 38
137 45
961 5
348 4
489 51
130 20
11 21
71 45
286 49
35 8
892 59
920 58
575 23
742 59
627 62
614 48
674 51
242 11
305 16
814 68
394 19
989 4
591 34
948 1
760 60
435 1
670 55
311 22
102 27
307 3
213 21
753 14
23 44
224 27
287 15
471 5
685 59
83 25
870 33
502 54
69 61
631 13
642 43
686 18
696 68
823 36
913 2
499 60
920 72
613 58
463 35
589 72
245 47
773 41
406 74
446 49
562 4
563 53
721 49
298 69
241 22
29 30
398 54
791 44
952 30
579 15
541 42
561 35
190 61
603 45
959 48
420 72
828 10
427 51
583 51
669 75
899 49
31 71
927 71
316 53
927 71
644 42
413 55
603 27
242 7
549 75
957 20
424 59
654 75
684 11
277 2
762 75
400 67
822 53
964 39
908 17
735 51
60 72
107 13
100 23
571 48
900 27
968 48
311 73
524 21
561 50
50 47
974 49
466 20
479 31
635 11
23 69
936 7
515 68
96 42
742 67
966 66
545 35
963 57
258 38
553 18
637 2
139 37
402 56
108 30
737 68
617 36
111 3
192 28
947 15
296 38
658 36
681 52
546 20
409 5
833 36
972 69
562 62
783 40
418 40
195 31
632 11
616 70
715 9
424 13
798 44
701 5
979 33
9 51
727 67
30 34
729 1
380 17
815 12
956 7
51 27
89 60
313 4
481 4
862 29
392 12
974 44
818 52
176 26
180 52
594 59
461 49
562 67
315 1
353 23
959 30
124 72
141 11
102 21
167 40
876 8
326 74
1 21
801 28
673 32
429 69
540 66
292 51
432 9
828 36
581 11
891 4
184 56
492 35
4 58
600 4
215 27
728 17
124 30
94 47
211 24
415 52
467 58
555 25
16 32
386 21
520 28
300 3
10 16
340 38
800 66
244 39
919 21
932 18
202 52
839 64
250 5
865 43
662 44
318 53
153 30
273 72
34 74
726 70
66 42
408 40
707 28
230 26
325 11
668 51
537 8
289 39
462 55
206 73
924 50
152 1
281 25
99 66
700 24
61 66
241 70
630 74
822 10
276 46
372 43
23 59
152 13
399 15
167 56
440 15
183 16
517 63
367 40
129 17
791 16
832 8
360 13
681 31
672 7
678 71
251 50
656 30
362 29
719 53
361 33
970 68
749 36
358 65
453 63
