300
100
270 75
338 32
868 59
466 52
466 40
231 50
819 51
195 62
962 62
600 6
59 4
355 37
206 64
40 19
944 32
19 40
108 58
799 75
666 14
803 31
3 34
832 73
34 27
486 73
415 13
630 23
541 62
461 48
452 2
867 47
860 37
312 17
944 60
293 36
725 21
91 4
129 48
251 39
301 14
213 40
526 68
539 18
179 51
516 5
554 34
377 38
322 40
379 42
501 46
577 50
766 44
303 21
941 30
760 43
345 72
307 22
166 22
640 19
547 7
326 25
240 29
512 63
93 17
881 68
913 7
169 53
827 71
924 43
727 35
712 22
358 46
293 49
567 59
219 41
790 44
565 6
949 29
645 41
670 50
985 9
333 28
612 60
975 37
279 54
273 65
125 55
360 19
153 27
405 72
392 21
267 33
927 66
88 71
608 60
448 18
43 55
97 31
939 74
892 42
477 39
207 28
146 43
73 23
844 2
21 37
23 65
247 26
855 9
223 62
443 20
406 61
450 55
843 15
278 60
957 6
250 65
58 47
432 32
45 3
311 42
566 33
56 39
985 62
498 32
724 17
229 6
129 5
687 47
769 14
58 52
69 59
591 28
406 50
960 2
354 70
218 21
954 74
435 15
535 9
848 10
575 51
443 56
105 29
27 74
445 11
950 15
94 68
343 24
619 4
300 24
275 45
594 30
143 5
869 4
663 66
991 15
144 58
645 73
913 21
473 7
106 75
222 1
667 41
402 62
921 26
960 70
570 30
126 14
285 21
445 47
413 60
888 6
219 32
156 6
554 28
488 36
754 11
562 47
976 38
408 71
15 42
442 12
272 42
352 8
264 71
206 26
582 69
584 27
625 64
283 54
718 22
541 49
534 27
595 59
416 53
756 6
721 72
367 44
115 70
251 30
866 59
405 74
902 40
951 1
430 35
56 50
58 22
323 41
50 42
451 66
271 8
896 44
106 64
687 70
35 40
301 2
98 55
51 74
397 3
876 1
289 59
325 46
880 49
288 29
916 40
394 63
647 66
881 27
606 43
323 66
209 73
892 58
679 44
656 25
646 8
253 59
166 29
631 70
928 45
326 70
359 71
732 55
712 13
108 69
532 55
309 15
404 28
749 58
846 29
509 19
638 61
777 4
690 60
200 17
29 27
811 38
948 44
744 61
506 52
679 64
633 15
480 37
244 28
471 14
983 54
284 46
740 11
776 54
172 52
397 75
204 34
939 26
452 8
513 58
886 41
346 20
882 3
258 50
405 28
566 63
707 49
360 23
261 35
226 7
813 24
984 66
532 72
518 58
956 55
292 16
573 40
63 29
167 45
931 71
48 21
310 56
344 44
903 30
155 55
388 20
