300
100
173 22
484 2
78 53
701 5
213 18
923 75
615 37
281 70
485 20
932 24
580 31
957 61
773 63
468 25
555 38
456 53
787 17
904 39
544 56
495 6
873 68
658 12
981 13
159 40
257 40
240 38
247 71
398 21
860 65
947 67
880 3
494 41
694 74
881 64
704 1
696 51
145 28
414 50
290 22
942 48
13 31
86 62
729 33
982 15
700 6
706 4
35 49
596 55
299 1
668 54
203 13
929 22
68 45
824 57
618 40
255 58
945 40
594 50
174 27
965 48
207 47
803 16
573 48
672 21
226 14
225 55
54 5
127 73
551 50
829 69
714 60
151 60
126 71
387 50
22 53
524 31
724 27
173 21
76 70
519 53
535 18
433 40
599 34
412 25
860 68
670 50
27 45
934 53
267 22
452 38
374 25
220 23
653 68
393 4
589 38
381 23
357 13
415 31
723 1
457 7
418 26
506 45
297 67
949 63
463 25
850 12
726 47
286 54
166 30
107 54
293 14
228 24
4 17
604 26
820 62
308 39
537 65
33 58
956 58
395 46
732 47
607 10
370 44
188 10
273 21
640 65
836 17
214 14
861 44
565 5
581 49
268 19
388 28
654 19
337 75
466 69
348 74
230 17
667 42
251 39
414 65
504 49
109 19
88 69
589 4
1000 69
227 69
990 14
623 43
309 60
42 49
380 65
197 9
106 65
377 9
154 42
950 34
390 33
429 54
26 67
184 52
538 10
348 27
376 20
169 9
281 12
810 10
951 58
620 59
573 73
117 53
489 41
86 31
124 39
59 1
530 43
230 44
4 52
945 29
898 40
415 29
27 26
838 29
933 10
737 32
157 55
934 46
623 19
228 48
884 38
950 41
232 54
184 11
107 56
966 55
945 30
183 48
955 22
4 40
181 42
96 15
297 5
335 19
400 14
16 34
551 15
49 33
496 7
18 52
64 58
606 59
715 38
683 21
512 38
260 67
130 33
381 26
737 42
696 13
980 11
771 31
27 21
313 47
755 7
124 43
16 31
178 30
221 11
751 7
898 12
423 29
69 56
804 57
222 74
645 54
561 17
84 63
938 48
109 42
781 34
509 71
665 12
878 35
899 30
968 23
341 15
527 62
897 7
270 69
533 66
672 43
33 32
680 22
206 41
13 11
76 48
133 17
911 60
328 11
989 45
661 32
685 39
443 31
220 14
51 27
330 24
845 64
532 1
35 12
368 49
74 69
271 57
535 34
568 38
694 32
157 31
590 43
244 34
126 16
447 51
567 51
602 13
489 8
991 48
222 8
921 47
801 19
853 11
77 23
550 72
681 31
180 70
251 73
653 26
238 51
903 32
227 29
271 42
989 11
942 10
