300
100
244 30
96 7
501 39
389 39
622 74
843 60
700 43
607 73
41 27
705 34
762 74
311 14
703 1
76 19
49 55
269 43
209 41
551 36
405 41
726 3
939 46
963 66
238 19
538 31
245 19
991 9
642 26
974 71
528 24
765 52
503 60
221 64
101 21
476 7
413 29
234 1
474 71
341 63
117 30
45 36
824 36
71 42
688 20
513 18
445 29
144 23
13 64
11 38
486 63
969 23
391 30
600 14
750 43
279 16
522 48
579 22
710 26
866 23
45 55
317 65
358 10
789 72
823 51
187 35
988 32
909 54
61 33
594 63
800 22
28 49
547 8
722 31
959 12
5 55
316 46
196 50
132 61
99 29
486 35
965 74
143 73
204 29
733 49
366 7
373 70
557 19
55 4
526 13
217 56
719 35
203 42
909 35
602 32
640 63
643 57
913 11
829 66
341 61
616 8
445 63
154 1
258 33
631 9
572 25
666 43
84 20
909 67
554 35
351 71
597 43
502 59
130 30
976 22
243 19
879 37
283 60
39 41
592 47
676 16
221 43
158 54
912 66
647 18
575 22
363 24
342 41
384 71
897 62
645 39
655 23
177 62
907 43
829 1
589 29
366 61
196 73
464 58
588 60
277 64
459 64
37 25
206 71
622 52
132 66
241 38
141 44
74 49
336 28
601 1
406 41
436 29
840 24
413 54
361 39
293 44
679 31
970 9
101 41
985 59
209 52
721 74
346 45
99 8
49 50
661 6
17 46
759 7
347 73
987 32
211 4
877 39
312 73
124 37
788 9
348 23
685 18
48 57
214 22
767 64
846 27
420 39
522 5
70 20
53 7
278 15
687 56
856 73
703 54
762 68
87 61
190 24
528 13
857 19
384 75
707 6
401 53
794 75
360 66
846 14
624 24
378 12
629 58
660 57
564 73
174 75
233 40
125 37
952 34
557 62
308 16
619 59
93 65
335 4
980 30
567 5
303 22
616 34
881 2
967 69
399 40
446 33
854 45
447 33
903 3
844 36
618 63
271 63
227 30
866 8
136 60
512 66
433 27
74 38
754 15
757 4
531 2
487 11
123 60
893 3
287 39
588 5
551 10
319 54
166 11
686 51
320 49
443 52
675 41
417 5
907 23
284 62
726 22
525 75
406 17
577 44
505 39
300 57
725 68
535 40
154 72
543 50
120 10
929 22
853 70
926 59
517 11
548 69
34 72
793 66
840 47
835 45
237 36
103 12
104 15
851 9
913 20
785 33
730 38
531 57
57 33
692 25
721 39
518 29
662 63
897 2
384 31
198 20
568 25
933 71
289 36
631 27
880 16
586 9
128 43
542 62
275 59
461 20
472 6
101 34
345 22
