300
100
860 11
270 17
887 28
673 25
628 35
43 29
945 11
29 21
53 25
337 70
409 44
977 4
471 50
417 32
165 66
802 49
203 23
165 16
253 62
890 55
224 34
133 18
697 13
116 49
562 4
21 45
673 22
275 68
621 69
277 60
611 30
160 13
853 51
253 5
865 44
984 13
777 43
607 23
980 22
574 69
878 69
215 50
590 17
44 62
885 72
699 22
102 33
659 4
534 38
410 75
756 20
837 59
212 18
709 18
517 32
788 19
227 3
943 16
196 11
729 5
658 2
926 11
637 36
416 72
198 50
271 55
569 7
188 32
901 21
26 17
529 14
810 30
168 27
922 63
90 53
794 74
429 46
209 42
6 74
938 55
800 33
859 70
666 48
851 17
646 28
335 74
41 45
281 10
248 4
922 39
556 17
787 12
137 22
753 44
322 68
48 73
602 33
192 18
656 69
186 51
622 20
474 39
16 31
574 14
660 22
952 15
914 66
903 25
789 56
896 61
50 68
583 26
201 27
270 8
520 30
508 41
327 8
155 67
439 30
957 73
926 11
664 14
703 44
241 41
926 61
953 25
430 38
625 55
14 70
837 8
701 21
674 4
29 30
721 67
259 29
916 11
641 6
375 68
849 40
186 26
102 13
100 31
25 25
513 38
971 26
571 71
397 71
50 75
127 47
243 37
502 60
272 68
440 71
485 16
612 70
766 13
160 68
596 34
942 8
574 12
808 71
934 56
443 35
980 44
456 74
305 58
83 51
452 25
574 11
867 12
958 57
602 19
849 22
4 42
304 2
405 38
424 14
19 16
25 73
434 31
572 40
790 31
18 16
880 68
528 71
479 37
730 5
305 55
276 61
72 31
237 28
394 13
518 12
878 43
409 64
375 57
753 39
690 72
756 44
64 33
667 68
472 46
974 3
677 52
788 75
532 27
928 75
389 22
336 66
339 72
929 38
780 59
228 19
155 8
390 44
618 56
113 64
803 61
568 56
687 31
931 44
732 60
495 72
6 31
737 70
279 18
409 33
51 62
879 55
619 68
775 63
675 12
676 4
325 19
659 63
951 16
933 7
150 28
153 6
610 41
852 38
258 60
297 35
896 75
217 17
794 43
454 45
230 32
648 6
725 9
268 52
951 1
60 1
980 14
608 39
804 34
476 14
70 47
425 41
299 16
184 67
984 37
264 15
118 38
822 19
921 64
220 47
641 6
324 45
194 6
560 73
741 37
763 10
159 12
127 9
180 60
252 63
947 65
79 66
778 50
962 50
340 33
921 33
164 21
304 57
878 39
706 18
250 18
428 60
655 54
568 34
864 45
348 37
686 51
929 38
677 65
513 16
775 10
700 38
381 4
