300
100
336 48
396 72
325 44
318 21
217 2
168 57
102 55
626 25
91 64
504 20
522 27
978 41
791 49
830 68
512 73
869 74
97 66
797 72
510 64
444 1
416 62
210 42
841 35
393 8
549 21
103 72
575 30
537 65
830 44
59 68
66 54
891 63
894 38
936 3
153 29
481 68
342 67
437 33
228 54
817 26
77 21
549 1
703 13
367 7
156 52
225 73
55 42
87 73
506 72
703 59
753 33
578 69
224 39
628 26
195 20
579 23
715 4
273 67
916 41
301 48
767 50
996 46
343 7
120 49
456 49
859 58
708 13
301 6
154 31
734 23
725 14
970 14
494 44
208 62
584 33
536 25
384 56
522 51
965 43
926 72
167 61
331 74
924 6
157 27
263 42
776 62
257 47
778 2
42 35
863 75
844 74
326 27
281 24
304 47
543 32
368 36
717 73
287 15
681 45
68 68
388 20
282 19
643 61
97 34
747 60
660 40
710 62
168 65
535 21
939 30
52 33
490 46
708 53
112 40
922 55
34 9
726 40
304 19
77 53
52 73
712 39
412 48
400 4
114 35
402 27
716 30
62 7
925 44
685 37
860 58
568 68
619 20
560 24
13 11
26 67
459 14
480 22
861 54
153 75
165 4
378 30
358 39
437 10
559 73
23 43
430 15
311 23
586 45
322 49
857 47
367 40
436 46
537 46
76 64
622 66
594 25
472 53
790 10
937 24
732 9
766 62
900 3
561 11
649 32
436 56
581 52
820 41
999 58
663 74
748 62
666 66
636 38
644 27
397 7
125 54
243 18
642 44
22 2
979 21
436 66
176 66
567 72
383 40
407 70
991 54
33 56
495 20
793 65
797 42
421 73
22 40
867 65
509 64
216 39
911 53
605 61
18 48
784 50
440 65
797 5
696 54
85 42
849 55
383 22
771 55
269 17
170 63
806 28
376 48
516 36
376 72
723 45
995 8
145 34
400 18
863 70
473 74
988 46
528 20
669 73
524 40
441 18
777 48
370 2
323 13
789 75
709 11
794 53
368 63
136 67
582 25
213 30
649 50
727 1
569 21
826 68
685 18
137 11
216 32
964 40
96 2
939 29
614 7
859 6
22 46
100 28
696 64
657 71
864 11
871 9
131 23
876 67
666 40
627 8
223 42
122 68
693 10
473 31
143 33
638 39
29 39
119 51
753 2
771 43
862 18
751 19
393 29
510 58
343 63
290 40
429 13
234 48
174 6
778 43
389 68
832 19
208 27
844 35
428 16
279 17
310 30
985 27
360 45
111 4
982 50
618 38
514 51
235 14
908 65
707 48
132 40
416 64
191 36
651 70
928 54
611 15
310 46
291 19
442 27
722 23
