300
100
825 13
610 42
350 61
612 33
848 50
463 70
707 35
44 54
895 36
821 65
45 47
690 19
338 11
29 60
114 32
380 38
121 64
55 20
874 18
979 23
94 67
717 51
178 12
931 23
372 52
964 69
725 54
562 39
814 15
650 52
248 55
217 43
370 48
837 69
992 16
316 11
609 10
238 61
496 43
210 45
271 49
988 47
179 26
760 44
842 62
623 39
791 64
456 60
813 44
755 54
811 46
889 19
807 3
557 29
998 18
873 18
291 12
615 46
112 51
165 53
487 12
41 54
977 73
789 64
492 68
944 2
965 60
73 23
662 54
777 9
746 49
279 39
861 45
561 22
970 52
277 34
863 44
437 16
517 27
331 60
120 75
13 11
459 35
559 22
65 62
131 38
335 34
903 72
5 15
519 74
892 47
134 54
815 73
297 56
499 27
42 20
253 55
758 61
491 41
535 56
2 15
70 38
425 24
235 4
138 30
754 29
251 40
135 15
162 31
748 60
409 64
982 37
843 64
724 34
406 58
241 32
274 37
446 50
985 5
830 22
136 9
151 11
823 12
451 61
67 50
995 52
338 26
488 6
714 64
866 19
173 6
877 72
119 50
848 3
354 53
224 42
261 51
227 10
362 54
770 5
578 16
607 43
92 46
448 32
361 40
628 34
122 31
332 40
530 29
342 36
856 42
77 43
995 30
902 56
684 23
488 13
139 71
880 57
891 4
738 29
343 17
137 64
573 45
55 52
998 23
337 56
665 65
673 59
420 52
366 28
949 53
67 14
298 72
20 66
625 60
144 20
826 57
135 48
803 65
852 75
937 65
357 53
305 55
963 74
308 29
178 6
533 19
47 31
542 66
723 44
175 68
838 28
201 24
102 28
865 53
154 54
845 36
106 74
892 44
224 74
749 28
806 31
348 52
463 15
270 35
408 46
754 22
148 29
920 50
956 35
554 60
938 23
972 20
898 63
815 23
413 13
225 70
844 73
774 6
814 43
843 46
838 21
169 11
550 65
587 7
576 17
966 65
890 62
260 14
151 49
612 40
989 11
485 7
760 58
489 48
300 6
145 14
927 38
826 53
105 37
684 5
904 27
897 70
290 33
283 16
581 21
355 21
434 66
752 68
448 68
766 49
923 12
588 1
927 40
380 31
177 14
62 32
65 58
928 6
465 10
146 73
808 53
318 16
395 22
433 68
14 25
293 63
812 57
841 63
997 70
120 75
635 6
956 1
491 33
757 32
444 4
704 26
458 24
843 53
147 26
47 12
177 39
799 63
923 16
77 19
563 73
443 24
81 25
600 21
984 8
877 29
961 58
382 21
306 49
623 27
851 19
963 3
359 13
367 31
456 46
