300
100
350 30
742 8
990 70
111 13
758 35
680 19
953 42
488 36
550 44
736 61
203 47
799 18
736 19
934 31
886 33
416 38
189 59
420 56
429 8
793 11
744 25
531 71
841 19
458 18
839 69
228 41
590 2
783 52
922 19
359 32
526 27
394 67
635 16
597 40
48 16
600 41
565 33
839 8
501 21
500 14
489 4
380 30
457 14
459 30
582 42
537 60
943 32
526 55
447 74
344 69
214 46
637 54
778 25
888 53
770 62
968 36
817 74
392 1
213 25
355 21
19 68
957 13
525 9
242 71
307 11
465 73
881 53
3 58
927 65
287 23
628 54
10 46
953 2
421 42
603 1
14 23
18 21
286 17
156 27
865 65
464 31
687 69
133 66
353 9
930 16
106 59
597 43
704 1
869 75
417 23
252 57
796 21
104 6
515 60
959 4
74 23
59 12
118 41
504 21
601 10
813 33
693 59
525 21
309 43
872 2
568 48
211 13
96 14
795 60
925 55
988 23
527 73
461 70
588 64
467 40
748 56
597 42
40 72
188 75
866 59
129 58
534 14
147 54
4 18
590 54
398 2
278 74
326 41
920 65
406 36
804 4
17 25
297 33
521 9
459 37
895 39
819 30
277 66
760 33
610 74
561 57
925 63
931 27
928 25
866 34
588 44
839 31
68 35
363 14
971 48
327 42
112 45
996 40
462 55
372 72
103 7
78 29
122 10
332 74
562 47
734 49
865 22
104 59
59 43
224 31
990 75
597 26
47 44
841 10
50 39
931 29
496 36
234 17
72 65
17 33
761 1
781 27
322 61
612 32
53 36
112 20
385 58
847 33
3 64
643 2
603 25
555 50
285 63
66 59
704 34
341 64
184 74
792 33
709 54
589 64
591 28
860 2
760 58
110 65
97 2
166 51
676 21
500 63
860 67
373 14
350 38
379 36
186 23
743 72
278 33
712 43
735 73
194 47
980 55
961 3
406 26
478 59
198 2
98 60
245 45
325 47
534 28
832 72
577 74
670 4
608 6
73 68
655 67
189 34
273 51
62 56
626 66
464 1
220 38
585 14
382 34
410 42
963 66
338 65
166 7
745 26
739 68
468 43
436 33
379 58
508 15
738 60
682 53
660 26
465 21
365 73
504 1
465 69
719 54
710 9
161 4
361 49
623 28
644 8
835 47
766 44
813 5
179 19
408 13
395 72
434 61
422 64
236 11
459 29
39 68
190 26
974 25
802 73
730 45
6 14
818 48
610 30
977 63
475 11
625 69
608 10
331 31
51 17
618 9
520 58
29 36
559 4
611 37
301 15
156 58
255 50
132 39
306 36
3 5
196 55
1 30
389 6
535 39
249 2
300 21
