300
100
72 14
460 73
55 52
847 39
334 25
818 75
163 37
915 4
655 27
117 39
843 61
631 14
456 13
706 62
954 58
525 27
848 61
926 4
987 47
942 22
223 61
797 60
322 11
191 53
187 32
491 31
969 22
921 51
261 1
337 17
810 38
943 59
548 44
262 37
992 28
558 40
313 4
951 11
64 41
314 28
799 56
335 19
629 56
894 65
233 7
456 45
794 25
403 44
970 15
932 14
219 39
528 9
843 30
221 33
323 59
212 73
690 72
592 18
154 62
559 38
419 41
132 14
468 35
609 64
551 15
102 21
29 31
4 73
811 2
832 10
110 21
957 1
294 23
821 22
737 31
184 32
97 66
70 16
202 56
704 4
570 6
224 25
786 30
524 73
156 6
432 67
103 14
120 71
288 40
842 74
670 52
530 43
44 52
33 72
982 62
700 3
894 1
853 4
207 3
627 14
435 60
330 62
798 49
932 63
740 50
461 60
502 68
879 22
294 39
494 52
1000 18
529 45
820 58
923 1
813 26
91 22
663 71
784 60
221 42
897 11
192 10
722 20
52 27
941 22
215 59
323 66
979 28
810 48
288 60
176 25
337 16
346 49
38 31
459 61
548 57
923 66
416 71
487 44
947 27
867 12
213 16
727 41
744 37
340 8
973 67
482 59
133 54
308 47
12 66
132 36
824 56
1 67
401 12
410 73
265 2
861 2
817 62
19 37
475 9
294 72
577 52
756 36
658 65
583 69
532 16
579 55
472 31
946 47
769 6
571 33
984 6
862 52
370 30
64 44
590 34
643 67
188 50
227 70
164 11
513 70
227 68
401 75
725 72
273 18
54 21
877 14
626 38
540 70
970 55
191 36
16 10
429 53
934 31
47 74
168 11
495 21
705 70
795 54
593 20
273 21
615 74
34 42
239 24
587 35
880 29
470 45
313 74
97 73
906 45
398 75
757 69
171 63
138 17
241 31
88 13
728 52
14 62
294 2
687 32
163 41
712 7
461 51
882 9
325 39
756 72
564 62
965 36
325 29
402 67
536 65
430 64
543 45
377 13
46 13
771 58
628 57
191 40
857 75
349 56
915 4
254 30
967 70
915 16
376 19
560 13
510 64
526 2
135 27
240 55
316 35
739 46
844 31
735 2
57 35
585 22
890 63
801 57
760 18
499 12
736 33
749 20
398 2
648 7
528 64
63 21
601 28
491 69
786 75
495 42
12 29
813 26
269 16
757 5
385 33
866 45
665 39
716 40
240 15
298 45
954 61
315 4
865 55
349 25
381 43
492 42
274 31
293 42
973 51
273 32
8 38
828 50
103 70
791 18
610 13
814 65
800 28
820 40
284 18
314 66
362 32
