300
100
414 63
658 40
545 33
787 25
731 23
540 16
143 52
566 19
786 56
3 29
901 57
11 3
456 45
325 11
305 19
940 45
59 74
137 3
433 48
129 14
422 43
29 64
519 21
259 56
403 63
559 6
894 71
283 2
693 34
137 74
980 3
418 13
377 6
640 9
829 70
972 25
139 28
166 32
650 49
664 3
37 72
708 57
494 15
983 61
949 46
534 3
251 4
317 27
209 6
787 39
427 11
991 65
815 31
573 39
931 61
516 17
809 48
249 54
565 33
840 65
54 75
792 29
380 58
282 64
415 20
329 68
530 44
757 44
474 31
160 32
916 25
723 26
250 23
729 14
258 20
678 36
997 46
966 51
280 49
316 21
18 20
238 75
315 46
595 16
26 4
897 68
429 71
368 3
294 73
843 51
720 70
213 66
692 5
443 21
480 34
368 22
755 30
396 46
302 41
561 52
744 9
619 49
780 38
553 75
785 20
327 29
266 66
571 7
420 14
279 24
124 21
747 30
602 20
650 3
485 38
581 5
371 74
456 50
888 58
574 48
403 75
528 45
790 49
977 36
112 32
811 62
605 58
816 33
52 15
813 38
27 43
819 23
944 49
899 31
634 23
855 11
724 33
55 41
833 8
778 21
342 14
882 46
498 22
855 26
513 67
788 42
412 58
641 30
584 14
537 17
363 17
604 64
774 58
304 31
393 6
901 36
21 34
31 43
830 37
418 44
904 32
585 40
515 50
21 75
116 7
666 53
300 19
916 25
278 46
382 20
4 59
755 24
767 37
542 48
726 36
642 4
868 3
295 59
803 42
183 18
575 73
747 25
116 13
299 45
585 58
415 63
666 21
964 58
10 55
732 10
167 23
715 59
303 61
767 55
379 1
374 28
148 20
179 65
134 55
360 21
862 1
658 2
998 71
311 9
477 20
93 19
119 59
29 21
871 21
525 24
96 25
554 71
370 57
562 30
913 71
925 49
46 35
653 46
555 40
754 34
709 49
379 3
709 7
248 30
554 75
180 2
374 58
597 45
817 33
302 29
431 26
855 53
160 7
223 67
821 2
802 7
175 30
61 58
586 60
814 40
784 19
141 60
78 14
956 46
598 57
975 28
835 54
856 21
687 5
412 59
406 13
740 32
744 50
167 55
460 55
821 70
325 13
104 28
401 37
648 25
668 49
378 2
154 35
848 40
14 11
699 22
176 65
55 19
942 21
600 51
201 45
347 50
732 53
279 59
214 29
834 8
252 38
735 6
147 9
597 12
896 45
635 48
85 40
694 51
910 18
778 37
65 1
339 73
278 19
632 66
247 65
76 26
27 60
608 75
95 29
388 17
851 73
117 62
712 10
664 73
